     1 ,          1 ,     1.00 ,         1.0000 ,           ,good-bye   ,     1.00 ,            
     2 ,        101 ,     2.10 ,       101.1234 ,           ,good-bye   ,     1.00 ,            
     3 ,        201 ,     3.20 ,       201.2468 ,           ,good-bye   ,     1.00 ,            
     4 ,        301 ,     4.30 ,       301.3702 ,           ,good-bye   ,     1.00 ,            
     5 ,        401 ,     5.40 ,       401.4936 ,           ,good-bye   ,     1.00 ,            
     6 ,        501 ,     6.50 ,       501.6170 ,           ,good-bye   ,     1.00 ,            
     7 ,        601 ,     7.60 ,       601.7404 ,           ,good-bye   ,     1.00 ,            
     8 ,        701 ,     8.70 ,       701.8638 ,           ,good-bye   ,     1.00 ,            
     9 ,        801 ,     9.80 ,       801.9872 ,           ,good-bye   ,     1.00 ,            
    10 ,        901 ,    10.90 ,       902.1106 ,           ,good-bye   ,     1.00 ,            
    11 ,       1001 ,    12.00 ,      1002.2340 ,           ,good-bye   ,     1.00 ,            
    12 ,       1101 ,    13.10 ,      1102.3574 ,           ,good-bye   ,     1.00 ,            
    13 ,       1201 ,    14.20 ,      1202.4808 ,           ,good-bye   ,     1.00 ,            
    14 ,       1301 ,    15.30 ,      1302.6042 ,           ,good-bye   ,     1.00 ,            
    15 ,       1401 ,    16.40 ,      1402.7276 ,           ,good-bye   ,     1.00 ,            
    16 ,       1501 ,    17.50 ,      1502.8510 ,           ,good-bye   ,     1.00 ,            
    17 ,       1601 ,    18.60 ,      1602.9744 ,           ,good-bye   ,     1.00 ,            
    18 ,       1701 ,    19.70 ,      1703.0978 ,           ,good-bye   ,     1.00 ,            
    19 ,       1801 ,    20.80 ,      1803.2212 ,           ,good-bye   ,     1.00 ,            
    20 ,       1901 ,    21.90 ,      1903.3446 ,           ,good-bye   ,     1.00 ,            
    21 ,       2001 ,    23.00 ,      2003.4680 ,           ,good-bye   ,     1.00 ,            
    22 ,       2101 ,    24.10 ,      2103.5914 ,           ,good-bye   ,     1.00 ,            
    23 ,       2201 ,    25.20 ,      2203.7148 ,           ,good-bye   ,     1.00 ,            
    24 ,       2301 ,    26.30 ,      2303.8382 ,           ,good-bye   ,     1.00 ,            
    25 ,       2401 ,    27.40 ,      2403.9616 ,           ,good-bye   ,     1.00 ,            
    26 ,       2501 ,    28.50 ,      2504.0850 ,           ,good-bye   ,     1.00 ,            
    27 ,       2601 ,    29.60 ,      2604.2084 ,           ,good-bye   ,     1.00 ,            
    28 ,       2701 ,    30.70 ,      2704.3318 ,           ,good-bye   ,     1.00 ,            
    29 ,       2801 ,    31.80 ,      2804.4552 ,           ,good-bye   ,     1.00 ,            
    30 ,       2901 ,    32.90 ,      2904.5786 ,           ,good-bye   ,     1.00 ,            
    31 ,       3001 ,    34.00 ,      3004.7020 ,           ,good-bye   ,     1.00 ,            
    32 ,       3101 ,    35.10 ,      3104.8254 ,           ,good-bye   ,     1.00 ,            
    33 ,       3201 ,    36.20 ,      3204.9488 ,           ,good-bye   ,     1.00 ,            
    34 ,       3301 ,    37.30 ,      3305.0722 ,           ,good-bye   ,     1.00 ,            
    35 ,       3401 ,    38.40 ,      3405.1956 ,           ,good-bye   ,     1.00 ,            
    36 ,       3501 ,    39.50 ,      3505.3190 ,           ,good-bye   ,     1.00 ,            
    37 ,       3601 ,    40.60 ,      3605.4424 ,           ,good-bye   ,     1.00 ,            
    38 ,       3701 ,    41.70 ,      3705.5658 ,           ,good-bye   ,     1.00 ,            
    39 ,       3801 ,    42.80 ,      3805.6892 ,           ,good-bye   ,     1.00 ,            
    40 ,       3901 ,    43.90 ,      3905.8126 ,           ,good-bye   ,     1.00 ,            
    41 ,       4001 ,    45.00 ,      4005.9360 ,           ,good-bye   ,     1.00 ,            
    42 ,       4101 ,    46.10 ,      4106.0594 ,           ,good-bye   ,     1.00 ,            
    43 ,       4201 ,    47.20 ,      4206.1828 ,           ,good-bye   ,     1.00 ,            
    44 ,       4301 ,    48.30 ,      4306.3062 ,           ,good-bye   ,     1.00 ,            
    45 ,       4401 ,    49.40 ,      4406.4296 ,           ,good-bye   ,     1.00 ,            
    46 ,       4501 ,    50.50 ,      4506.5530 ,           ,good-bye   ,     1.00 ,            
    47 ,       4601 ,    51.60 ,      4606.6764 ,           ,good-bye   ,     1.00 ,            
    48 ,       4701 ,    52.70 ,      4706.7998 ,           ,good-bye   ,     1.00 ,            
    49 ,       4801 ,    53.80 ,      4806.9232 ,           ,good-bye   ,     1.00 ,            
    50 ,       4901 ,    54.90 ,      4907.0466 ,           ,good-bye   ,     1.00 ,            
    51 ,       5001 ,    56.00 ,      5007.1700 ,           ,good-bye   ,     1.00 ,            
    52 ,       5101 ,    57.10 ,      5107.2934 ,           ,good-bye   ,     1.00 ,            
    53 ,       5201 ,    58.20 ,      5207.4168 ,           ,good-bye   ,     1.00 ,            
    54 ,       5301 ,    59.30 ,      5307.5402 ,           ,good-bye   ,     1.00 ,            
    55 ,       5401 ,    60.40 ,      5407.6636 ,           ,good-bye   ,     1.00 ,            
    56 ,       5501 ,    61.50 ,      5507.7870 ,           ,good-bye   ,     1.00 ,            
    57 ,       5601 ,    62.60 ,      5607.9104 ,           ,good-bye   ,     1.00 ,            
    58 ,       5701 ,    63.70 ,      5708.0338 ,           ,good-bye   ,     1.00 ,            
    59 ,       5801 ,    64.80 ,      5808.1572 ,           ,good-bye   ,     1.00 ,            
    60 ,       5901 ,    65.90 ,      5908.2806 ,           ,good-bye   ,     1.00 ,            
    61 ,       6001 ,    67.00 ,      6008.4040 ,           ,good-bye   ,     1.00 ,            
    62 ,       6101 ,    68.10 ,      6108.5274 ,           ,good-bye   ,     1.00 ,            
    63 ,       6201 ,    69.20 ,      6208.6508 ,           ,good-bye   ,     1.00 ,            
    64 ,       6301 ,    70.30 ,      6308.7742 ,           ,good-bye   ,     1.00 ,            
    65 ,       6401 ,    71.40 ,      6408.8976 ,           ,good-bye   ,     1.00 ,            
    66 ,       6501 ,    72.50 ,      6509.0210 ,           ,good-bye   ,     1.00 ,            
    67 ,       6601 ,    73.60 ,      6609.1444 ,           ,good-bye   ,     1.00 ,            
    68 ,       6701 ,    74.70 ,      6709.2678 ,           ,good-bye   ,     1.00 ,            
    69 ,       6801 ,    75.80 ,      6809.3912 ,           ,good-bye   ,     1.00 ,            
    70 ,       6901 ,    76.90 ,      6909.5146 ,           ,good-bye   ,     1.00 ,            
    71 ,       7001 ,    78.00 ,      7009.6380 ,           ,good-bye   ,     1.00 ,            
    72 ,       7101 ,    79.10 ,      7109.7614 ,           ,good-bye   ,     1.00 ,            
    73 ,       7201 ,    80.20 ,      7209.8848 ,           ,good-bye   ,     1.00 ,            
    74 ,       7301 ,    81.30 ,      7310.0082 ,           ,good-bye   ,     1.00 ,            
    75 ,       7401 ,    82.40 ,      7410.1316 ,           ,good-bye   ,     1.00 ,            
    76 ,       7501 ,    83.50 ,      7510.2550 ,           ,good-bye   ,     1.00 ,            
    77 ,       7601 ,    84.60 ,      7610.3784 ,           ,good-bye   ,     1.00 ,            
    78 ,       7701 ,    85.70 ,      7710.5018 ,           ,good-bye   ,     1.00 ,            
    79 ,       7801 ,    86.80 ,      7810.6252 ,           ,good-bye   ,     1.00 ,            
    80 ,       7901 ,    87.90 ,      7910.7486 ,           ,good-bye   ,     1.00 ,            
    81 ,       8001 ,    89.00 ,      8010.8720 ,           ,good-bye   ,     1.00 ,            
    82 ,       8101 ,    90.10 ,      8110.9954 ,           ,good-bye   ,     1.00 ,            
    83 ,       8201 ,    91.20 ,      8211.1188 ,           ,good-bye   ,     1.00 ,            
    84 ,       8301 ,    92.30 ,      8311.2422 ,           ,good-bye   ,     1.00 ,            
    85 ,       8401 ,    93.40 ,      8411.3656 ,           ,good-bye   ,     1.00 ,            
    86 ,       8501 ,    94.50 ,      8511.4890 ,           ,good-bye   ,     1.00 ,            
    87 ,       8601 ,    95.60 ,      8611.6124 ,           ,good-bye   ,     1.00 ,            
    88 ,       8701 ,    96.70 ,      8711.7358 ,           ,good-bye   ,     1.00 ,            
    89 ,       8801 ,    97.80 ,      8811.8592 ,           ,good-bye   ,     1.00 ,            
    90 ,       8901 ,    98.90 ,      8911.9826 ,           ,good-bye   ,     1.00 ,            
    91 ,       9001 ,   100.00 ,      9012.1060 ,           ,good-bye   ,     1.00 ,            
    92 ,       9101 ,   101.10 ,      9112.2294 ,           ,good-bye   ,     1.00 ,            
    93 ,       9201 ,   102.20 ,      9212.3528 ,           ,good-bye   ,     1.00 ,            
    94 ,       9301 ,   103.30 ,      9312.4762 ,           ,good-bye   ,     1.00 ,            
    95 ,       9401 ,   104.40 ,      9412.5996 ,           ,good-bye   ,     1.00 ,            
    96 ,       9501 ,   105.50 ,      9512.7230 ,           ,good-bye   ,     1.00 ,            
    97 ,       9601 ,   106.60 ,      9612.8464 ,           ,good-bye   ,     1.00 ,            
    98 ,       9701 ,   107.70 ,      9712.9698 ,           ,good-bye   ,     1.00 ,            
    99 ,       9801 ,   108.80 ,      9813.0932 ,           ,good-bye   ,     1.00 ,            
   100 ,       9901 ,   109.90 ,      9913.2166 ,           ,good-bye   ,     1.00 ,            
   101 ,      10001 ,   111.00 ,     10013.3400 ,           ,good-bye   ,     1.00 ,            
   102 ,      10101 ,   112.10 ,     10113.4634 ,           ,good-bye   ,     1.00 ,            
   103 ,      10201 ,   113.20 ,     10213.5868 ,           ,good-bye   ,     1.00 ,            
   104 ,      10301 ,   114.30 ,     10313.7102 ,           ,good-bye   ,     1.00 ,            
   105 ,      10401 ,   115.40 ,     10413.8336 ,           ,good-bye   ,     1.00 ,            
   106 ,      10501 ,   116.50 ,     10513.9570 ,           ,good-bye   ,     1.00 ,            
   107 ,      10601 ,   117.60 ,     10614.0804 ,           ,good-bye   ,     1.00 ,            
   108 ,      10701 ,   118.70 ,     10714.2038 ,           ,good-bye   ,     1.00 ,            
   109 ,      10801 ,   119.80 ,     10814.3272 ,           ,good-bye   ,     1.00 ,            
   110 ,      10901 ,   120.90 ,     10914.4506 ,           ,good-bye   ,     1.00 ,            
   111 ,      11001 ,   122.00 ,     11014.5740 ,           ,good-bye   ,     1.00 ,            
   112 ,      11101 ,   123.10 ,     11114.6974 ,           ,good-bye   ,     1.00 ,            
   113 ,      11201 ,   124.20 ,     11214.8208 ,           ,good-bye   ,     1.00 ,            
   114 ,      11301 ,   125.30 ,     11314.9442 ,           ,good-bye   ,     1.00 ,            
   115 ,      11401 ,   126.40 ,     11415.0676 ,           ,good-bye   ,     1.00 ,            
   116 ,      11501 ,   127.50 ,     11515.1910 ,           ,good-bye   ,     1.00 ,            
   117 ,      11601 ,   128.60 ,     11615.3144 ,           ,good-bye   ,     1.00 ,            
   118 ,      11701 ,   129.70 ,     11715.4378 ,           ,good-bye   ,     1.00 ,            
   119 ,      11801 ,   130.80 ,     11815.5612 ,           ,good-bye   ,     1.00 ,            
   120 ,      11901 ,   131.90 ,     11915.6846 ,           ,good-bye   ,     1.00 ,            
   121 ,      12001 ,   133.00 ,     12015.8080 ,           ,good-bye   ,     1.00 ,            
   122 ,      12101 ,   134.10 ,     12115.9314 ,           ,good-bye   ,     1.00 ,            
   123 ,      12201 ,   135.20 ,     12216.0548 ,           ,good-bye   ,     1.00 ,            
   124 ,      12301 ,   136.30 ,     12316.1782 ,           ,good-bye   ,     1.00 ,            
   125 ,      12401 ,   137.40 ,     12416.3016 ,           ,good-bye   ,     1.00 ,            
   126 ,      12501 ,   138.50 ,     12516.4250 ,           ,good-bye   ,     1.00 ,            
   127 ,      12601 ,   139.60 ,     12616.5484 ,           ,good-bye   ,     1.00 ,            
   128 ,      12701 ,   140.70 ,     12716.6718 ,           ,good-bye   ,     1.00 ,            
   129 ,      12801 ,   141.80 ,     12816.7952 ,           ,good-bye   ,     1.00 ,            
   130 ,      12901 ,   142.90 ,     12916.9186 ,           ,good-bye   ,     1.00 ,            
   131 ,      13001 ,   144.00 ,     13017.0420 ,           ,good-bye   ,     1.00 ,            
   132 ,      13101 ,   145.10 ,     13117.1654 ,           ,good-bye   ,     1.00 ,            
   133 ,      13201 ,   146.20 ,     13217.2888 ,           ,good-bye   ,     1.00 ,            
   134 ,      13301 ,   147.30 ,     13317.4122 ,           ,good-bye   ,     1.00 ,            
   135 ,      13401 ,   148.40 ,     13417.5356 ,           ,good-bye   ,     1.00 ,            
   136 ,      13501 ,   149.50 ,     13517.6590 ,           ,good-bye   ,     1.00 ,            
   137 ,      13601 ,   150.60 ,     13617.7824 ,           ,good-bye   ,     1.00 ,            
   138 ,      13701 ,   151.70 ,     13717.9058 ,           ,good-bye   ,     1.00 ,            
   139 ,      13801 ,   152.80 ,     13818.0292 ,           ,good-bye   ,     1.00 ,            
   140 ,      13901 ,   153.90 ,     13918.1526 ,           ,good-bye   ,     1.00 ,            
   141 ,      14001 ,   155.00 ,     14018.2760 ,           ,good-bye   ,     1.00 ,            
   142 ,      14101 ,   156.10 ,     14118.3994 ,           ,good-bye   ,     1.00 ,            
   143 ,      14201 ,   157.20 ,     14218.5228 ,           ,good-bye   ,     1.00 ,            
   144 ,      14301 ,   158.30 ,     14318.6462 ,           ,good-bye   ,     1.00 ,            
   145 ,      14401 ,   159.40 ,     14418.7696 ,           ,good-bye   ,     1.00 ,            
   146 ,      14501 ,   160.50 ,     14518.8930 ,           ,good-bye   ,     1.00 ,            
   147 ,      14601 ,   161.60 ,     14619.0164 ,           ,good-bye   ,     1.00 ,            
   148 ,      14701 ,   162.70 ,     14719.1398 ,           ,good-bye   ,     1.00 ,            
   149 ,      14801 ,   163.80 ,     14819.2632 ,           ,good-bye   ,     1.00 ,            
   150 ,      14901 ,   164.90 ,     14919.3866 ,           ,good-bye   ,     1.00 ,            
   151 ,      15001 ,   166.00 ,     15019.5100 ,           ,good-bye   ,     1.00 ,            
   152 ,      15101 ,   167.10 ,     15119.6334 ,           ,good-bye   ,     1.00 ,            
   153 ,      15201 ,   168.20 ,     15219.7568 ,           ,good-bye   ,     1.00 ,            
   154 ,      15301 ,   169.30 ,     15319.8802 ,           ,good-bye   ,     1.00 ,            
   155 ,      15401 ,   170.40 ,     15420.0036 ,           ,good-bye   ,     1.00 ,            
   156 ,      15501 ,   171.50 ,     15520.1270 ,           ,good-bye   ,     1.00 ,            
   157 ,      15601 ,   172.60 ,     15620.2504 ,           ,good-bye   ,     1.00 ,            
   158 ,      15701 ,   173.70 ,     15720.3738 ,           ,good-bye   ,     1.00 ,            
   159 ,      15801 ,   174.80 ,     15820.4972 ,           ,good-bye   ,     1.00 ,            
   160 ,      15901 ,   175.90 ,     15920.6206 ,           ,good-bye   ,     1.00 ,            
   161 ,      16001 ,   177.00 ,     16020.7440 ,           ,good-bye   ,     1.00 ,            
   162 ,      16101 ,   178.10 ,     16120.8674 ,           ,good-bye   ,     1.00 ,            
   163 ,      16201 ,   179.20 ,     16220.9908 ,           ,good-bye   ,     1.00 ,            
   164 ,      16301 ,   180.30 ,     16321.1142 ,           ,good-bye   ,     1.00 ,            
   165 ,      16401 ,   181.40 ,     16421.2376 ,           ,good-bye   ,     1.00 ,            
   166 ,      16501 ,   182.50 ,     16521.3610 ,           ,good-bye   ,     1.00 ,            
   167 ,      16601 ,   183.60 ,     16621.4844 ,           ,good-bye   ,     1.00 ,            
   168 ,      16701 ,   184.70 ,     16721.6078 ,           ,good-bye   ,     1.00 ,            
   169 ,      16801 ,   185.80 ,     16821.7312 ,           ,good-bye   ,     1.00 ,            
   170 ,      16901 ,   186.90 ,     16921.8546 ,           ,good-bye   ,     1.00 ,            
   171 ,      17001 ,   188.00 ,     17021.9780 ,           ,good-bye   ,     1.00 ,            
   172 ,      17101 ,   189.10 ,     17122.1014 ,           ,good-bye   ,     1.00 ,            
   173 ,      17201 ,   190.20 ,     17222.2248 ,           ,good-bye   ,     1.00 ,            
   174 ,      17301 ,   191.30 ,     17322.3482 ,           ,good-bye   ,     1.00 ,            
   175 ,      17401 ,   192.40 ,     17422.4716 ,           ,good-bye   ,     1.00 ,            
   176 ,      17501 ,   193.50 ,     17522.5950 ,           ,good-bye   ,     1.00 ,            
   177 ,      17601 ,   194.60 ,     17622.7184 ,           ,good-bye   ,     1.00 ,            
   178 ,      17701 ,   195.70 ,     17722.8418 ,           ,good-bye   ,     1.00 ,            
   179 ,      17801 ,   196.80 ,     17822.9652 ,           ,good-bye   ,     1.00 ,            
   180 ,      17901 ,   197.90 ,     17923.0886 ,           ,good-bye   ,     1.00 ,            
   181 ,      18001 ,   199.00 ,     18023.2120 ,           ,good-bye   ,     1.00 ,            
   182 ,      18101 ,   200.10 ,     18123.3354 ,           ,good-bye   ,     1.00 ,            
   183 ,      18201 ,   201.20 ,     18223.4588 ,           ,good-bye   ,     1.00 ,            
   184 ,      18301 ,   202.30 ,     18323.5822 ,           ,good-bye   ,     1.00 ,            
   185 ,      18401 ,   203.40 ,     18423.7056 ,           ,good-bye   ,     1.00 ,            
   186 ,      18501 ,   204.50 ,     18523.8290 ,           ,good-bye   ,     1.00 ,            
   187 ,      18601 ,   205.60 ,     18623.9524 ,           ,good-bye   ,     1.00 ,            
   188 ,      18701 ,   206.70 ,     18724.0758 ,           ,good-bye   ,     1.00 ,            
   189 ,      18801 ,   207.80 ,     18824.1992 ,           ,good-bye   ,     1.00 ,            
   190 ,      18901 ,   208.90 ,     18924.3226 ,           ,good-bye   ,     1.00 ,            
   191 ,      19001 ,   210.00 ,     19024.4460 ,           ,good-bye   ,     1.00 ,            
   192 ,      19101 ,   211.10 ,     19124.5694 ,           ,good-bye   ,     1.00 ,            
   193 ,      19201 ,   212.20 ,     19224.6928 ,           ,good-bye   ,     1.00 ,            
   194 ,      19301 ,   213.30 ,     19324.8162 ,           ,good-bye   ,     1.00 ,            
   195 ,      19401 ,   214.40 ,     19424.9396 ,           ,good-bye   ,     1.00 ,            
   196 ,      19501 ,   215.50 ,     19525.0630 ,           ,good-bye   ,     1.00 ,            
   197 ,      19601 ,   216.60 ,     19625.1864 ,           ,good-bye   ,     1.00 ,            
   198 ,      19701 ,   217.70 ,     19725.3098 ,           ,good-bye   ,     1.00 ,            
   199 ,      19801 ,   218.80 ,     19825.4332 ,           ,good-bye   ,     1.00 ,            
   200 ,      19901 ,   219.90 ,     19925.5566 ,           ,good-bye   ,     1.00 ,            
   201 ,      20001 ,   221.00 ,     20025.6800 ,           ,good-bye   ,     1.00 ,            
   202 ,      20101 ,   222.10 ,     20125.8034 ,           ,good-bye   ,     1.00 ,            
   203 ,      20201 ,   223.20 ,     20225.9268 ,           ,good-bye   ,     1.00 ,            
   204 ,      20301 ,   224.30 ,     20326.0502 ,           ,good-bye   ,     1.00 ,            
   205 ,      20401 ,   225.40 ,     20426.1736 ,           ,good-bye   ,     1.00 ,            
   206 ,      20501 ,   226.50 ,     20526.2970 ,           ,good-bye   ,     1.00 ,            
   207 ,      20601 ,   227.60 ,     20626.4204 ,           ,good-bye   ,     1.00 ,            
   208 ,      20701 ,   228.70 ,     20726.5438 ,           ,good-bye   ,     1.00 ,            
   209 ,      20801 ,   229.80 ,     20826.6672 ,           ,good-bye   ,     1.00 ,            
   210 ,      20901 ,   230.90 ,     20926.7906 ,           ,good-bye   ,     1.00 ,            
   211 ,      21001 ,   232.00 ,     21026.9140 ,           ,good-bye   ,     1.00 ,            
   212 ,      21101 ,   233.10 ,     21127.0374 ,           ,good-bye   ,     1.00 ,            
   213 ,      21201 ,   234.20 ,     21227.1608 ,           ,good-bye   ,     1.00 ,            
   214 ,      21301 ,   235.30 ,     21327.2842 ,           ,good-bye   ,     1.00 ,            
   215 ,      21401 ,   236.40 ,     21427.4076 ,           ,good-bye   ,     1.00 ,            
   216 ,      21501 ,   237.50 ,     21527.5310 ,           ,good-bye   ,     1.00 ,            
   217 ,      21601 ,   238.60 ,     21627.6544 ,           ,good-bye   ,     1.00 ,            
   218 ,      21701 ,   239.70 ,     21727.7778 ,           ,good-bye   ,     1.00 ,            
   219 ,      21801 ,   240.80 ,     21827.9012 ,           ,good-bye   ,     1.00 ,            
   220 ,      21901 ,   241.90 ,     21928.0246 ,           ,good-bye   ,     1.00 ,            
   221 ,      22001 ,   243.00 ,     22028.1480 ,           ,good-bye   ,     1.00 ,            
   222 ,      22101 ,   244.10 ,     22128.2714 ,           ,good-bye   ,     1.00 ,            
   223 ,      22201 ,   245.20 ,     22228.3948 ,           ,good-bye   ,     1.00 ,            
   224 ,      22301 ,   246.30 ,     22328.5182 ,           ,good-bye   ,     1.00 ,            
   225 ,      22401 ,   247.40 ,     22428.6416 ,           ,good-bye   ,     1.00 ,            
   226 ,      22501 ,   248.50 ,     22528.7650 ,           ,good-bye   ,     1.00 ,            
   227 ,      22601 ,   249.60 ,     22628.8884 ,           ,good-bye   ,     1.00 ,            
   228 ,      22701 ,   250.70 ,     22729.0118 ,           ,good-bye   ,     1.00 ,            
   229 ,      22801 ,   251.80 ,     22829.1352 ,           ,good-bye   ,     1.00 ,            
   230 ,      22901 ,   252.90 ,     22929.2586 ,           ,good-bye   ,     1.00 ,            
   231 ,      23001 ,   254.00 ,     23029.3820 ,           ,good-bye   ,     1.00 ,            
   232 ,      23101 ,   255.10 ,     23129.5054 ,           ,good-bye   ,     1.00 ,            
   233 ,      23201 ,   256.20 ,     23229.6288 ,           ,good-bye   ,     1.00 ,            
   234 ,      23301 ,   257.30 ,     23329.7522 ,           ,good-bye   ,     1.00 ,            
   235 ,      23401 ,   258.40 ,     23429.8756 ,           ,good-bye   ,     1.00 ,            
   236 ,      23501 ,   259.50 ,     23529.9990 ,           ,good-bye   ,     1.00 ,            
   237 ,      23601 ,   260.60 ,     23630.1224 ,           ,good-bye   ,     1.00 ,            
   238 ,      23701 ,   261.70 ,     23730.2458 ,           ,good-bye   ,     1.00 ,            
   239 ,      23801 ,   262.80 ,     23830.3692 ,           ,good-bye   ,     1.00 ,            
   240 ,      23901 ,   263.90 ,     23930.4926 ,           ,good-bye   ,     1.00 ,            
   241 ,      24001 ,   265.00 ,     24030.6160 ,           ,good-bye   ,     1.00 ,            
   242 ,      24101 ,   266.10 ,     24130.7394 ,           ,good-bye   ,     1.00 ,            
   243 ,      24201 ,   267.20 ,     24230.8628 ,           ,good-bye   ,     1.00 ,            
   244 ,      24301 ,   268.30 ,     24330.9862 ,           ,good-bye   ,     1.00 ,            
   245 ,      24401 ,   269.40 ,     24431.1096 ,           ,good-bye   ,     1.00 ,            
   246 ,      24501 ,   270.50 ,     24531.2330 ,           ,good-bye   ,     1.00 ,            
   247 ,      24601 ,   271.60 ,     24631.3564 ,           ,good-bye   ,     1.00 ,            
   248 ,      24701 ,   272.70 ,     24731.4798 ,           ,good-bye   ,     1.00 ,            
   249 ,      24801 ,   273.80 ,     24831.6032 ,           ,good-bye   ,     1.00 ,            
   250 ,      24901 ,   274.90 ,     24931.7266 ,           ,good-bye   ,     1.00 ,            
   251 ,      25001 ,   276.00 ,     25031.8500 ,           ,good-bye   ,     1.00 ,            
   252 ,      25101 ,   277.10 ,     25131.9734 ,           ,good-bye   ,     1.00 ,            
   253 ,      25201 ,   278.20 ,     25232.0968 ,           ,good-bye   ,     1.00 ,            
   254 ,      25301 ,   279.30 ,     25332.2202 ,           ,good-bye   ,     1.00 ,            
   255 ,      25401 ,   280.40 ,     25432.3436 ,           ,good-bye   ,     1.00 ,            
   256 ,      25501 ,   281.50 ,     25532.4670 ,           ,good-bye   ,     1.00 ,            
   257 ,      25601 ,   282.60 ,     25632.5904 ,           ,good-bye   ,     1.00 ,            
   258 ,      25701 ,   283.70 ,     25732.7138 ,           ,good-bye   ,     1.00 ,            
   259 ,      25801 ,   284.80 ,     25832.8372 ,           ,good-bye   ,     1.00 ,            
   260 ,      25901 ,   285.90 ,     25932.9606 ,           ,good-bye   ,     1.00 ,            
   261 ,      26001 ,   287.00 ,     26033.0840 ,           ,good-bye   ,     1.00 ,            
   262 ,      26101 ,   288.10 ,     26133.2074 ,           ,good-bye   ,     1.00 ,            
   263 ,      26201 ,   289.20 ,     26233.3308 ,           ,good-bye   ,     1.00 ,            
   264 ,      26301 ,   290.30 ,     26333.4542 ,           ,good-bye   ,     1.00 ,            
   265 ,      26401 ,   291.40 ,     26433.5776 ,           ,good-bye   ,     1.00 ,            
   266 ,      26501 ,   292.50 ,     26533.7010 ,           ,good-bye   ,     1.00 ,            
   267 ,      26601 ,   293.60 ,     26633.8244 ,           ,good-bye   ,     1.00 ,            
   268 ,      26701 ,   294.70 ,     26733.9478 ,           ,good-bye   ,     1.00 ,            
   269 ,      26801 ,   295.80 ,     26834.0712 ,           ,good-bye   ,     1.00 ,            
   270 ,      26901 ,   296.90 ,     26934.1946 ,           ,good-bye   ,     1.00 ,            
   271 ,      27001 ,   298.00 ,     27034.3180 ,           ,good-bye   ,     1.00 ,            
   272 ,      27101 ,   299.10 ,     27134.4414 ,           ,good-bye   ,     1.00 ,            
   273 ,      27201 ,   300.20 ,     27234.5648 ,           ,good-bye   ,     1.00 ,            
   274 ,      27301 ,   301.30 ,     27334.6882 ,           ,good-bye   ,     1.00 ,            
   275 ,      27401 ,   302.40 ,     27434.8116 ,           ,good-bye   ,     1.00 ,            
   276 ,      27501 ,   303.50 ,     27534.9350 ,           ,good-bye   ,     1.00 ,            
   277 ,      27601 ,   304.60 ,     27635.0584 ,           ,good-bye   ,     1.00 ,            
   278 ,      27701 ,   305.70 ,     27735.1818 ,           ,good-bye   ,     1.00 ,            
   279 ,      27801 ,   306.80 ,     27835.3052 ,           ,good-bye   ,     1.00 ,            
   280 ,      27901 ,   307.90 ,     27935.4286 ,           ,good-bye   ,     1.00 ,            
   281 ,      28001 ,   309.00 ,     28035.5520 ,           ,good-bye   ,     1.00 ,            
   282 ,      28101 ,   310.10 ,     28135.6754 ,           ,good-bye   ,     1.00 ,            
   283 ,      28201 ,   311.20 ,     28235.7988 ,           ,good-bye   ,     1.00 ,            
   284 ,      28301 ,   312.30 ,     28335.9222 ,           ,good-bye   ,     1.00 ,            
   285 ,      28401 ,   313.40 ,     28436.0456 ,           ,good-bye   ,     1.00 ,            
   286 ,      28501 ,   314.50 ,     28536.1690 ,           ,good-bye   ,     1.00 ,            
   287 ,      28601 ,   315.60 ,     28636.2924 ,           ,good-bye   ,     1.00 ,            
   288 ,      28701 ,   316.70 ,     28736.4158 ,           ,good-bye   ,     1.00 ,            
   289 ,      28801 ,   317.80 ,     28836.5392 ,           ,good-bye   ,     1.00 ,            
   290 ,      28901 ,   318.90 ,     28936.6626 ,           ,good-bye   ,     1.00 ,            
   291 ,      29001 ,   320.00 ,     29036.7860 ,           ,good-bye   ,     1.00 ,            
   292 ,      29101 ,   321.10 ,     29136.9094 ,           ,good-bye   ,     1.00 ,            
   293 ,      29201 ,   322.20 ,     29237.0328 ,           ,good-bye   ,     1.00 ,            
   294 ,      29301 ,   323.30 ,     29337.1562 ,           ,good-bye   ,     1.00 ,            
   295 ,      29401 ,   324.40 ,     29437.2796 ,           ,good-bye   ,     1.00 ,            
   296 ,      29501 ,   325.50 ,     29537.4030 ,           ,good-bye   ,     1.00 ,            
   297 ,      29601 ,   326.60 ,     29637.5264 ,           ,good-bye   ,     1.00 ,            
   298 ,      29701 ,   327.70 ,     29737.6498 ,           ,good-bye   ,     1.00 ,            
   299 ,      29801 ,   328.80 ,     29837.7732 ,           ,good-bye   ,     1.00 ,            
   300 ,      29901 ,   329.90 ,     29937.8966 ,           ,good-bye   ,     1.00 ,            
   301 ,      30001 ,   331.00 ,     30038.0200 ,           ,good-bye   ,     1.00 ,            
   302 ,      30101 ,   332.10 ,     30138.1434 ,           ,good-bye   ,     1.00 ,            
   303 ,      30201 ,   333.20 ,     30238.2668 ,           ,good-bye   ,     1.00 ,            
   304 ,      30301 ,   334.30 ,     30338.3902 ,           ,good-bye   ,     1.00 ,            
   305 ,      30401 ,   335.40 ,     30438.5136 ,           ,good-bye   ,     1.00 ,            
   306 ,      30501 ,   336.50 ,     30538.6370 ,           ,good-bye   ,     1.00 ,            
   307 ,      30601 ,   337.60 ,     30638.7604 ,           ,good-bye   ,     1.00 ,            
   308 ,      30701 ,   338.70 ,     30738.8838 ,           ,good-bye   ,     1.00 ,            
   309 ,      30801 ,   339.80 ,     30839.0072 ,           ,good-bye   ,     1.00 ,            
   310 ,      30901 ,   340.90 ,     30939.1306 ,           ,good-bye   ,     1.00 ,            
   311 ,      31001 ,   342.00 ,     31039.2540 ,           ,good-bye   ,     1.00 ,            
   312 ,      31101 ,   343.10 ,     31139.3774 ,           ,good-bye   ,     1.00 ,            
   313 ,      31201 ,   344.20 ,     31239.5008 ,           ,good-bye   ,     1.00 ,            
   314 ,      31301 ,   345.30 ,     31339.6242 ,           ,good-bye   ,     1.00 ,            
   315 ,      31401 ,   346.40 ,     31439.7476 ,           ,good-bye   ,     1.00 ,            
   316 ,      31501 ,   347.50 ,     31539.8710 ,           ,good-bye   ,     1.00 ,            
   317 ,      31601 ,   348.60 ,     31639.9944 ,           ,good-bye   ,     1.00 ,            
   318 ,      31701 ,   349.70 ,     31740.1178 ,           ,good-bye   ,     1.00 ,            
   319 ,      31801 ,   350.80 ,     31840.2412 ,           ,good-bye   ,     1.00 ,            
   320 ,      31901 ,   351.90 ,     31940.3646 ,           ,good-bye   ,     1.00 ,            
   321 ,      32001 ,   353.00 ,     32040.4880 ,           ,good-bye   ,     1.00 ,            
   322 ,      32101 ,   354.10 ,     32140.6114 ,           ,good-bye   ,     1.00 ,            
   323 ,      32201 ,   355.20 ,     32240.7348 ,           ,good-bye   ,     1.00 ,            
   324 ,      32301 ,   356.30 ,     32340.8582 ,           ,good-bye   ,     1.00 ,            
   325 ,      32401 ,   357.40 ,     32440.9816 ,           ,good-bye   ,     1.00 ,            
   326 ,      32501 ,   358.50 ,     32541.1050 ,           ,good-bye   ,     1.00 ,            
   327 ,      32601 ,   359.60 ,     32641.2284 ,           ,good-bye   ,     1.00 ,            
   328 ,      32701 ,   360.70 ,     32741.3518 ,           ,good-bye   ,     1.00 ,            
   329 ,      32801 ,   361.80 ,     32841.4752 ,           ,good-bye   ,     1.00 ,            
   330 ,      32901 ,   362.90 ,     32941.5986 ,           ,good-bye   ,     1.00 ,            
   331 ,      33001 ,   364.00 ,     33041.7220 ,           ,good-bye   ,     1.00 ,            
   332 ,      33101 ,   365.10 ,     33141.8454 ,           ,good-bye   ,     1.00 ,            
   333 ,      33201 ,   366.20 ,     33241.9688 ,           ,good-bye   ,     1.00 ,            
   334 ,      33301 ,   367.30 ,     33342.0922 ,           ,good-bye   ,     1.00 ,            
   335 ,      33401 ,   368.40 ,     33442.2156 ,           ,good-bye   ,     1.00 ,            
   336 ,      33501 ,   369.50 ,     33542.3390 ,           ,good-bye   ,     1.00 ,            
   337 ,      33601 ,   370.60 ,     33642.4624 ,           ,good-bye   ,     1.00 ,            
   338 ,      33701 ,   371.70 ,     33742.5858 ,           ,good-bye   ,     1.00 ,            
   339 ,      33801 ,   372.80 ,     33842.7092 ,           ,good-bye   ,     1.00 ,            
   340 ,      33901 ,   373.90 ,     33942.8326 ,           ,good-bye   ,     1.00 ,            
   341 ,      34001 ,   375.00 ,     34042.9560 ,           ,good-bye   ,     1.00 ,            
   342 ,      34101 ,   376.10 ,     34143.0794 ,           ,good-bye   ,     1.00 ,            
   343 ,      34201 ,   377.20 ,     34243.2028 ,           ,good-bye   ,     1.00 ,            
   344 ,      34301 ,   378.30 ,     34343.3262 ,           ,good-bye   ,     1.00 ,            
   345 ,      34401 ,   379.40 ,     34443.4496 ,           ,good-bye   ,     1.00 ,            
   346 ,      34501 ,   380.50 ,     34543.5730 ,           ,good-bye   ,     1.00 ,            
   347 ,      34601 ,   381.60 ,     34643.6964 ,           ,good-bye   ,     1.00 ,            
   348 ,      34701 ,   382.70 ,     34743.8198 ,           ,good-bye   ,     1.00 ,            
   349 ,      34801 ,   383.80 ,     34843.9432 ,           ,good-bye   ,     1.00 ,            
   350 ,      34901 ,   384.90 ,     34944.0666 ,           ,good-bye   ,     1.00 ,            
   351 ,      35001 ,   386.00 ,     35044.1900 ,           ,good-bye   ,     1.00 ,            
   352 ,      35101 ,   387.10 ,     35144.3134 ,           ,good-bye   ,     1.00 ,            
   353 ,      35201 ,   388.20 ,     35244.4368 ,           ,good-bye   ,     1.00 ,            
   354 ,      35301 ,   389.30 ,     35344.5602 ,           ,good-bye   ,     1.00 ,            
   355 ,      35401 ,   390.40 ,     35444.6836 ,           ,good-bye   ,     1.00 ,            
   356 ,      35501 ,   391.50 ,     35544.8070 ,           ,good-bye   ,     1.00 ,            
   357 ,      35601 ,   392.60 ,     35644.9304 ,           ,good-bye   ,     1.00 ,            
   358 ,      35701 ,   393.70 ,     35745.0538 ,           ,good-bye   ,     1.00 ,            
   359 ,      35801 ,   394.80 ,     35845.1772 ,           ,good-bye   ,     1.00 ,            
   360 ,      35901 ,   395.90 ,     35945.3006 ,           ,good-bye   ,     1.00 ,            
   361 ,      36001 ,   397.00 ,     36045.4240 ,           ,good-bye   ,     1.00 ,            
   362 ,      36101 ,   398.10 ,     36145.5474 ,           ,good-bye   ,     1.00 ,            
   363 ,      36201 ,   399.20 ,     36245.6708 ,           ,good-bye   ,     1.00 ,            
   364 ,      36301 ,   400.30 ,     36345.7942 ,           ,good-bye   ,     1.00 ,            
   365 ,      36401 ,   401.40 ,     36445.9176 ,           ,good-bye   ,     1.00 ,            
   366 ,      36501 ,   402.50 ,     36546.0410 ,           ,good-bye   ,     1.00 ,            
   367 ,      36601 ,   403.60 ,     36646.1644 ,           ,good-bye   ,     1.00 ,            
   368 ,      36701 ,   404.70 ,     36746.2878 ,           ,good-bye   ,     1.00 ,            
   369 ,      36801 ,   405.80 ,     36846.4112 ,           ,good-bye   ,     1.00 ,            
   370 ,      36901 ,   406.90 ,     36946.5346 ,           ,good-bye   ,     1.00 ,            
   371 ,      37001 ,   408.00 ,     37046.6580 ,           ,good-bye   ,     1.00 ,            
   372 ,      37101 ,   409.10 ,     37146.7814 ,           ,good-bye   ,     1.00 ,            
   373 ,      37201 ,   410.20 ,     37246.9048 ,           ,good-bye   ,     1.00 ,            
   374 ,      37301 ,   411.30 ,     37347.0282 ,           ,good-bye   ,     1.00 ,            
   375 ,      37401 ,   412.40 ,     37447.1516 ,           ,good-bye   ,     1.00 ,            
   376 ,      37501 ,   413.50 ,     37547.2750 ,           ,good-bye   ,     1.00 ,            
   377 ,      37601 ,   414.60 ,     37647.3984 ,           ,good-bye   ,     1.00 ,            
   378 ,      37701 ,   415.70 ,     37747.5218 ,           ,good-bye   ,     1.00 ,            
   379 ,      37801 ,   416.80 ,     37847.6452 ,           ,good-bye   ,     1.00 ,            
   380 ,      37901 ,   417.90 ,     37947.7686 ,           ,good-bye   ,     1.00 ,            
   381 ,      38001 ,   419.00 ,     38047.8920 ,           ,good-bye   ,     1.00 ,            
   382 ,      38101 ,   420.10 ,     38148.0154 ,           ,good-bye   ,     1.00 ,            
   383 ,      38201 ,   421.20 ,     38248.1388 ,           ,good-bye   ,     1.00 ,            
   384 ,      38301 ,   422.30 ,     38348.2622 ,           ,good-bye   ,     1.00 ,            
   385 ,      38401 ,   423.40 ,     38448.3856 ,           ,good-bye   ,     1.00 ,            
   386 ,      38501 ,   424.50 ,     38548.5090 ,           ,good-bye   ,     1.00 ,            
   387 ,      38601 ,   425.60 ,     38648.6324 ,           ,good-bye   ,     1.00 ,            
   388 ,      38701 ,   426.70 ,     38748.7558 ,           ,good-bye   ,     1.00 ,            
   389 ,      38801 ,   427.80 ,     38848.8792 ,           ,good-bye   ,     1.00 ,            
   390 ,      38901 ,   428.90 ,     38949.0026 ,           ,good-bye   ,     1.00 ,            
   391 ,      39001 ,   430.00 ,     39049.1260 ,           ,good-bye   ,     1.00 ,            
   392 ,      39101 ,   431.10 ,     39149.2494 ,           ,good-bye   ,     1.00 ,            
   393 ,      39201 ,   432.20 ,     39249.3728 ,           ,good-bye   ,     1.00 ,            
   394 ,      39301 ,   433.30 ,     39349.4962 ,           ,good-bye   ,     1.00 ,            
   395 ,      39401 ,   434.40 ,     39449.6196 ,           ,good-bye   ,     1.00 ,            
   396 ,      39501 ,   435.50 ,     39549.7430 ,           ,good-bye   ,     1.00 ,            
   397 ,      39601 ,   436.60 ,     39649.8664 ,           ,good-bye   ,     1.00 ,            
   398 ,      39701 ,   437.70 ,     39749.9898 ,           ,good-bye   ,     1.00 ,            
   399 ,      39801 ,   438.80 ,     39850.1132 ,           ,good-bye   ,     1.00 ,            
   400 ,      39901 ,   439.90 ,     39950.2366 ,           ,good-bye   ,     1.00 ,            
   401 ,      40001 ,   441.00 ,     40050.3600 ,           ,good-bye   ,     1.00 ,            
   402 ,      40101 ,   442.10 ,     40150.4834 ,           ,good-bye   ,     1.00 ,            
   403 ,      40201 ,   443.20 ,     40250.6068 ,           ,good-bye   ,     1.00 ,            
   404 ,      40301 ,   444.30 ,     40350.7302 ,           ,good-bye   ,     1.00 ,            
   405 ,      40401 ,   445.40 ,     40450.8536 ,           ,good-bye   ,     1.00 ,            
   406 ,      40501 ,   446.50 ,     40550.9770 ,           ,good-bye   ,     1.00 ,            
   407 ,      40601 ,   447.60 ,     40651.1004 ,           ,good-bye   ,     1.00 ,            
   408 ,      40701 ,   448.70 ,     40751.2238 ,           ,good-bye   ,     1.00 ,            
   409 ,      40801 ,   449.80 ,     40851.3472 ,           ,good-bye   ,     1.00 ,            
   410 ,      40901 ,   450.90 ,     40951.4706 ,           ,good-bye   ,     1.00 ,            
   411 ,      41001 ,   452.00 ,     41051.5940 ,           ,good-bye   ,     1.00 ,            
   412 ,      41101 ,   453.10 ,     41151.7174 ,           ,good-bye   ,     1.00 ,            
   413 ,      41201 ,   454.20 ,     41251.8408 ,           ,good-bye   ,     1.00 ,            
   414 ,      41301 ,   455.30 ,     41351.9642 ,           ,good-bye   ,     1.00 ,            
   415 ,      41401 ,   456.40 ,     41452.0876 ,           ,good-bye   ,     1.00 ,            
   416 ,      41501 ,   457.50 ,     41552.2110 ,           ,good-bye   ,     1.00 ,            
   417 ,      41601 ,   458.60 ,     41652.3344 ,           ,good-bye   ,     1.00 ,            
   418 ,      41701 ,   459.70 ,     41752.4578 ,           ,good-bye   ,     1.00 ,            
   419 ,      41801 ,   460.80 ,     41852.5812 ,           ,good-bye   ,     1.00 ,            
   420 ,      41901 ,   461.90 ,     41952.7046 ,           ,good-bye   ,     1.00 ,            
   421 ,      42001 ,   463.00 ,     42052.8280 ,           ,good-bye   ,     1.00 ,            
   422 ,      42101 ,   464.10 ,     42152.9514 ,           ,good-bye   ,     1.00 ,            
   423 ,      42201 ,   465.20 ,     42253.0748 ,           ,good-bye   ,     1.00 ,            
   424 ,      42301 ,   466.30 ,     42353.1982 ,           ,good-bye   ,     1.00 ,            
   425 ,      42401 ,   467.40 ,     42453.3216 ,           ,good-bye   ,     1.00 ,            
   426 ,      42501 ,   468.50 ,     42553.4450 ,           ,good-bye   ,     1.00 ,            
   427 ,      42601 ,   469.60 ,     42653.5684 ,           ,good-bye   ,     1.00 ,            
   428 ,      42701 ,   470.70 ,     42753.6918 ,           ,good-bye   ,     1.00 ,            
   429 ,      42801 ,   471.80 ,     42853.8152 ,           ,good-bye   ,     1.00 ,            
   430 ,      42901 ,   472.90 ,     42953.9386 ,           ,good-bye   ,     1.00 ,            
   431 ,      43001 ,   474.00 ,     43054.0620 ,           ,good-bye   ,     1.00 ,            
   432 ,      43101 ,   475.10 ,     43154.1854 ,           ,good-bye   ,     1.00 ,            
   433 ,      43201 ,   476.20 ,     43254.3088 ,           ,good-bye   ,     1.00 ,            
   434 ,      43301 ,   477.30 ,     43354.4322 ,           ,good-bye   ,     1.00 ,            
   435 ,      43401 ,   478.40 ,     43454.5556 ,           ,good-bye   ,     1.00 ,            
   436 ,      43501 ,   479.50 ,     43554.6790 ,           ,good-bye   ,     1.00 ,            
   437 ,      43601 ,   480.60 ,     43654.8024 ,           ,good-bye   ,     1.00 ,            
   438 ,      43701 ,   481.70 ,     43754.9258 ,           ,good-bye   ,     1.00 ,            
   439 ,      43801 ,   482.80 ,     43855.0492 ,           ,good-bye   ,     1.00 ,            
   440 ,      43901 ,   483.90 ,     43955.1726 ,           ,good-bye   ,     1.00 ,            
   441 ,      44001 ,   485.00 ,     44055.2960 ,           ,good-bye   ,     1.00 ,            
   442 ,      44101 ,   486.10 ,     44155.4194 ,           ,good-bye   ,     1.00 ,            
   443 ,      44201 ,   487.20 ,     44255.5428 ,           ,good-bye   ,     1.00 ,            
   444 ,      44301 ,   488.30 ,     44355.6662 ,           ,good-bye   ,     1.00 ,            
   445 ,      44401 ,   489.40 ,     44455.7896 ,           ,good-bye   ,     1.00 ,            
   446 ,      44501 ,   490.50 ,     44555.9130 ,           ,good-bye   ,     1.00 ,            
   447 ,      44601 ,   491.60 ,     44656.0364 ,           ,good-bye   ,     1.00 ,            
   448 ,      44701 ,   492.70 ,     44756.1598 ,           ,good-bye   ,     1.00 ,            
   449 ,      44801 ,   493.80 ,     44856.2832 ,           ,good-bye   ,     1.00 ,            
   450 ,      44901 ,   494.90 ,     44956.4066 ,           ,good-bye   ,     1.00 ,            
   451 ,      45001 ,   496.00 ,     45056.5300 ,           ,good-bye   ,     1.00 ,            
   452 ,      45101 ,   497.10 ,     45156.6534 ,           ,good-bye   ,     1.00 ,            
   453 ,      45201 ,   498.20 ,     45256.7768 ,           ,good-bye   ,     1.00 ,            
   454 ,      45301 ,   499.30 ,     45356.9002 ,           ,good-bye   ,     1.00 ,            
   455 ,      45401 ,   500.40 ,     45457.0236 ,           ,good-bye   ,     1.00 ,            
   456 ,      45501 ,   501.50 ,     45557.1470 ,           ,good-bye   ,     1.00 ,            
   457 ,      45601 ,   502.60 ,     45657.2704 ,           ,good-bye   ,     1.00 ,            
   458 ,      45701 ,   503.70 ,     45757.3938 ,           ,good-bye   ,     1.00 ,            
   459 ,      45801 ,   504.80 ,     45857.5172 ,           ,good-bye   ,     1.00 ,            
   460 ,      45901 ,   505.90 ,     45957.6406 ,           ,good-bye   ,     1.00 ,            
   461 ,      46001 ,   507.00 ,     46057.7640 ,           ,good-bye   ,     1.00 ,            
   462 ,      46101 ,   508.10 ,     46157.8874 ,           ,good-bye   ,     1.00 ,            
   463 ,      46201 ,   509.20 ,     46258.0108 ,           ,good-bye   ,     1.00 ,            
   464 ,      46301 ,   510.30 ,     46358.1342 ,           ,good-bye   ,     1.00 ,            
   465 ,      46401 ,   511.40 ,     46458.2576 ,           ,good-bye   ,     1.00 ,            
   466 ,      46501 ,   512.50 ,     46558.3810 ,           ,good-bye   ,     1.00 ,            
   467 ,      46601 ,   513.60 ,     46658.5044 ,           ,good-bye   ,     1.00 ,            
   468 ,      46701 ,   514.70 ,     46758.6278 ,           ,good-bye   ,     1.00 ,            
   469 ,      46801 ,   515.80 ,     46858.7512 ,           ,good-bye   ,     1.00 ,            
   470 ,      46901 ,   516.90 ,     46958.8746 ,           ,good-bye   ,     1.00 ,            
   471 ,      47001 ,   518.00 ,     47058.9980 ,           ,good-bye   ,     1.00 ,            
   472 ,      47101 ,   519.10 ,     47159.1214 ,           ,good-bye   ,     1.00 ,            
   473 ,      47201 ,   520.20 ,     47259.2448 ,           ,good-bye   ,     1.00 ,            
   474 ,      47301 ,   521.30 ,     47359.3682 ,           ,good-bye   ,     1.00 ,            
   475 ,      47401 ,   522.40 ,     47459.4916 ,           ,good-bye   ,     1.00 ,            
   476 ,      47501 ,   523.50 ,     47559.6150 ,           ,good-bye   ,     1.00 ,            
   477 ,      47601 ,   524.60 ,     47659.7384 ,           ,good-bye   ,     1.00 ,            
   478 ,      47701 ,   525.70 ,     47759.8618 ,           ,good-bye   ,     1.00 ,            
   479 ,      47801 ,   526.80 ,     47859.9852 ,           ,good-bye   ,     1.00 ,            
   480 ,      47901 ,   527.90 ,     47960.1086 ,           ,good-bye   ,     1.00 ,            
   481 ,      48001 ,   529.00 ,     48060.2320 ,           ,good-bye   ,     1.00 ,            
   482 ,      48101 ,   530.10 ,     48160.3554 ,           ,good-bye   ,     1.00 ,            
   483 ,      48201 ,   531.20 ,     48260.4788 ,           ,good-bye   ,     1.00 ,            
   484 ,      48301 ,   532.30 ,     48360.6022 ,           ,good-bye   ,     1.00 ,            
   485 ,      48401 ,   533.40 ,     48460.7256 ,           ,good-bye   ,     1.00 ,            
   486 ,      48501 ,   534.50 ,     48560.8490 ,           ,good-bye   ,     1.00 ,            
   487 ,      48601 ,   535.60 ,     48660.9724 ,           ,good-bye   ,     1.00 ,            
   488 ,      48701 ,   536.70 ,     48761.0958 ,           ,good-bye   ,     1.00 ,            
   489 ,      48801 ,   537.80 ,     48861.2192 ,           ,good-bye   ,     1.00 ,            
   490 ,      48901 ,   538.90 ,     48961.3426 ,           ,good-bye   ,     1.00 ,            
   491 ,      49001 ,   540.00 ,     49061.4660 ,           ,good-bye   ,     1.00 ,            
   492 ,      49101 ,   541.10 ,     49161.5894 ,           ,good-bye   ,     1.00 ,            
   493 ,      49201 ,   542.20 ,     49261.7128 ,           ,good-bye   ,     1.00 ,            
   494 ,      49301 ,   543.30 ,     49361.8362 ,           ,good-bye   ,     1.00 ,            
   495 ,      49401 ,   544.40 ,     49461.9596 ,           ,good-bye   ,     1.00 ,            
   496 ,      49501 ,   545.50 ,     49562.0830 ,           ,good-bye   ,     1.00 ,            
   497 ,      49601 ,   546.60 ,     49662.2064 ,           ,good-bye   ,     1.00 ,            
   498 ,      49701 ,   547.70 ,     49762.3298 ,           ,good-bye   ,     1.00 ,            
   499 ,      49801 ,   548.80 ,     49862.4532 ,           ,good-bye   ,     1.00 ,            
   500 ,      49901 ,   549.90 ,     49962.5766 ,           ,good-bye   ,     1.00 ,            
   501 ,      50001 ,   551.00 ,     50062.7000 ,           ,good-bye   ,     1.00 ,            
   502 ,      50101 ,   552.10 ,     50162.8234 ,           ,good-bye   ,     1.00 ,            
   503 ,      50201 ,   553.20 ,     50262.9468 ,           ,good-bye   ,     1.00 ,            
   504 ,      50301 ,   554.30 ,     50363.0702 ,           ,good-bye   ,     1.00 ,            
   505 ,      50401 ,   555.40 ,     50463.1936 ,           ,good-bye   ,     1.00 ,            
   506 ,      50501 ,   556.50 ,     50563.3170 ,           ,good-bye   ,     1.00 ,            
   507 ,      50601 ,   557.60 ,     50663.4404 ,           ,good-bye   ,     1.00 ,            
   508 ,      50701 ,   558.70 ,     50763.5638 ,           ,good-bye   ,     1.00 ,            
   509 ,      50801 ,   559.80 ,     50863.6872 ,           ,good-bye   ,     1.00 ,            
   510 ,      50901 ,   560.90 ,     50963.8106 ,           ,good-bye   ,     1.00 ,            
   511 ,      51001 ,   562.00 ,     51063.9340 ,           ,good-bye   ,     1.00 ,            
   512 ,      51101 ,   563.10 ,     51164.0574 ,           ,good-bye   ,     1.00 ,            
   513 ,      51201 ,   564.20 ,     51264.1808 ,           ,good-bye   ,     1.00 ,            
   514 ,      51301 ,   565.30 ,     51364.3042 ,           ,good-bye   ,     1.00 ,            
   515 ,      51401 ,   566.40 ,     51464.4276 ,           ,good-bye   ,     1.00 ,            
   516 ,      51501 ,   567.50 ,     51564.5510 ,           ,good-bye   ,     1.00 ,            
   517 ,      51601 ,   568.60 ,     51664.6744 ,           ,good-bye   ,     1.00 ,            
   518 ,      51701 ,   569.70 ,     51764.7978 ,           ,good-bye   ,     1.00 ,            
   519 ,      51801 ,   570.80 ,     51864.9212 ,           ,good-bye   ,     1.00 ,            
   520 ,      51901 ,   571.90 ,     51965.0446 ,           ,good-bye   ,     1.00 ,            
   521 ,      52001 ,   573.00 ,     52065.1680 ,           ,good-bye   ,     1.00 ,            
   522 ,      52101 ,   574.10 ,     52165.2914 ,           ,good-bye   ,     1.00 ,            
   523 ,      52201 ,   575.20 ,     52265.4148 ,           ,good-bye   ,     1.00 ,            
   524 ,      52301 ,   576.30 ,     52365.5382 ,           ,good-bye   ,     1.00 ,            
   525 ,      52401 ,   577.40 ,     52465.6616 ,           ,good-bye   ,     1.00 ,            
   526 ,      52501 ,   578.50 ,     52565.7850 ,           ,good-bye   ,     1.00 ,            
   527 ,      52601 ,   579.60 ,     52665.9084 ,           ,good-bye   ,     1.00 ,            
   528 ,      52701 ,   580.70 ,     52766.0318 ,           ,good-bye   ,     1.00 ,            
   529 ,      52801 ,   581.80 ,     52866.1552 ,           ,good-bye   ,     1.00 ,            
   530 ,      52901 ,   582.90 ,     52966.2786 ,           ,good-bye   ,     1.00 ,            
   531 ,      53001 ,   584.00 ,     53066.4020 ,           ,good-bye   ,     1.00 ,            
   532 ,      53101 ,   585.10 ,     53166.5254 ,           ,good-bye   ,     1.00 ,            
   533 ,      53201 ,   586.20 ,     53266.6488 ,           ,good-bye   ,     1.00 ,            
   534 ,      53301 ,   587.30 ,     53366.7722 ,           ,good-bye   ,     1.00 ,            
   535 ,      53401 ,   588.40 ,     53466.8956 ,           ,good-bye   ,     1.00 ,            
   536 ,      53501 ,   589.50 ,     53567.0190 ,           ,good-bye   ,     1.00 ,            
   537 ,      53601 ,   590.60 ,     53667.1424 ,           ,good-bye   ,     1.00 ,            
   538 ,      53701 ,   591.70 ,     53767.2658 ,           ,good-bye   ,     1.00 ,            
   539 ,      53801 ,   592.80 ,     53867.3892 ,           ,good-bye   ,     1.00 ,            
   540 ,      53901 ,   593.90 ,     53967.5126 ,           ,good-bye   ,     1.00 ,            
   541 ,      54001 ,   595.00 ,     54067.6360 ,           ,good-bye   ,     1.00 ,            
   542 ,      54101 ,   596.10 ,     54167.7594 ,           ,good-bye   ,     1.00 ,            
   543 ,      54201 ,   597.20 ,     54267.8828 ,           ,good-bye   ,     1.00 ,            
   544 ,      54301 ,   598.30 ,     54368.0062 ,           ,good-bye   ,     1.00 ,            
   545 ,      54401 ,   599.40 ,     54468.1296 ,           ,good-bye   ,     1.00 ,            
   546 ,      54501 ,   600.50 ,     54568.2530 ,           ,good-bye   ,     1.00 ,            
   547 ,      54601 ,   601.60 ,     54668.3764 ,           ,good-bye   ,     1.00 ,            
   548 ,      54701 ,   602.70 ,     54768.4998 ,           ,good-bye   ,     1.00 ,            
   549 ,      54801 ,   603.80 ,     54868.6232 ,           ,good-bye   ,     1.00 ,            
   550 ,      54901 ,   604.90 ,     54968.7466 ,           ,good-bye   ,     1.00 ,            
   551 ,      55001 ,   606.00 ,     55068.8700 ,           ,good-bye   ,     1.00 ,            
   552 ,      55101 ,   607.10 ,     55168.9934 ,           ,good-bye   ,     1.00 ,            
   553 ,      55201 ,   608.20 ,     55269.1168 ,           ,good-bye   ,     1.00 ,            
   554 ,      55301 ,   609.30 ,     55369.2402 ,           ,good-bye   ,     1.00 ,            
   555 ,      55401 ,   610.40 ,     55469.3636 ,           ,good-bye   ,     1.00 ,            
   556 ,      55501 ,   611.50 ,     55569.4870 ,           ,good-bye   ,     1.00 ,            
   557 ,      55601 ,   612.60 ,     55669.6104 ,           ,good-bye   ,     1.00 ,            
   558 ,      55701 ,   613.70 ,     55769.7338 ,           ,good-bye   ,     1.00 ,            
   559 ,      55801 ,   614.80 ,     55869.8572 ,           ,good-bye   ,     1.00 ,            
   560 ,      55901 ,   615.90 ,     55969.9806 ,           ,good-bye   ,     1.00 ,            
   561 ,      56001 ,   617.00 ,     56070.1040 ,           ,good-bye   ,     1.00 ,            
   562 ,      56101 ,   618.10 ,     56170.2274 ,           ,good-bye   ,     1.00 ,            
   563 ,      56201 ,   619.20 ,     56270.3508 ,           ,good-bye   ,     1.00 ,            
   564 ,      56301 ,   620.30 ,     56370.4742 ,           ,good-bye   ,     1.00 ,            
   565 ,      56401 ,   621.40 ,     56470.5976 ,           ,good-bye   ,     1.00 ,            
   566 ,      56501 ,   622.50 ,     56570.7210 ,           ,good-bye   ,     1.00 ,            
   567 ,      56601 ,   623.60 ,     56670.8444 ,           ,good-bye   ,     1.00 ,            
   568 ,      56701 ,   624.70 ,     56770.9678 ,           ,good-bye   ,     1.00 ,            
   569 ,      56801 ,   625.80 ,     56871.0912 ,           ,good-bye   ,     1.00 ,            
   570 ,      56901 ,   626.90 ,     56971.2146 ,           ,good-bye   ,     1.00 ,            
   571 ,      57001 ,   628.00 ,     57071.3380 ,           ,good-bye   ,     1.00 ,            
   572 ,      57101 ,   629.10 ,     57171.4614 ,           ,good-bye   ,     1.00 ,            
   573 ,      57201 ,   630.20 ,     57271.5848 ,           ,good-bye   ,     1.00 ,            
   574 ,      57301 ,   631.30 ,     57371.7082 ,           ,good-bye   ,     1.00 ,            
   575 ,      57401 ,   632.40 ,     57471.8316 ,           ,good-bye   ,     1.00 ,            
   576 ,      57501 ,   633.50 ,     57571.9550 ,           ,good-bye   ,     1.00 ,            
   577 ,      57601 ,   634.60 ,     57672.0784 ,           ,good-bye   ,     1.00 ,            
   578 ,      57701 ,   635.70 ,     57772.2018 ,           ,good-bye   ,     1.00 ,            
   579 ,      57801 ,   636.80 ,     57872.3252 ,           ,good-bye   ,     1.00 ,            
   580 ,      57901 ,   637.90 ,     57972.4486 ,           ,good-bye   ,     1.00 ,            
   581 ,      58001 ,   639.00 ,     58072.5720 ,           ,good-bye   ,     1.00 ,            
   582 ,      58101 ,   640.10 ,     58172.6954 ,           ,good-bye   ,     1.00 ,            
   583 ,      58201 ,   641.20 ,     58272.8188 ,           ,good-bye   ,     1.00 ,            
   584 ,      58301 ,   642.30 ,     58372.9422 ,           ,good-bye   ,     1.00 ,            
   585 ,      58401 ,   643.40 ,     58473.0656 ,           ,good-bye   ,     1.00 ,            
   586 ,      58501 ,   644.50 ,     58573.1890 ,           ,good-bye   ,     1.00 ,            
   587 ,      58601 ,   645.60 ,     58673.3124 ,           ,good-bye   ,     1.00 ,            
   588 ,      58701 ,   646.70 ,     58773.4358 ,           ,good-bye   ,     1.00 ,            
   589 ,      58801 ,   647.80 ,     58873.5592 ,           ,good-bye   ,     1.00 ,            
   590 ,      58901 ,   648.90 ,     58973.6826 ,           ,good-bye   ,     1.00 ,            
   591 ,      59001 ,   650.00 ,     59073.8060 ,           ,good-bye   ,     1.00 ,            
   592 ,      59101 ,   651.10 ,     59173.9294 ,           ,good-bye   ,     1.00 ,            
   593 ,      59201 ,   652.20 ,     59274.0528 ,           ,good-bye   ,     1.00 ,            
   594 ,      59301 ,   653.30 ,     59374.1762 ,           ,good-bye   ,     1.00 ,            
   595 ,      59401 ,   654.40 ,     59474.2996 ,           ,good-bye   ,     1.00 ,            
   596 ,      59501 ,   655.50 ,     59574.4230 ,           ,good-bye   ,     1.00 ,            
   597 ,      59601 ,   656.60 ,     59674.5464 ,           ,good-bye   ,     1.00 ,            
   598 ,      59701 ,   657.70 ,     59774.6698 ,           ,good-bye   ,     1.00 ,            
   599 ,      59801 ,   658.80 ,     59874.7932 ,           ,good-bye   ,     1.00 ,            
   600 ,      59901 ,   659.90 ,     59974.9166 ,           ,good-bye   ,     1.00 ,            
   601 ,      60001 ,   661.00 ,     60075.0400 ,           ,good-bye   ,     1.00 ,            
   602 ,      60101 ,   662.10 ,     60175.1634 ,           ,good-bye   ,     1.00 ,            
   603 ,      60201 ,   663.20 ,     60275.2868 ,           ,good-bye   ,     1.00 ,            
   604 ,      60301 ,   664.30 ,     60375.4102 ,           ,good-bye   ,     1.00 ,            
   605 ,      60401 ,   665.40 ,     60475.5336 ,           ,good-bye   ,     1.00 ,            
   606 ,      60501 ,   666.50 ,     60575.6570 ,           ,good-bye   ,     1.00 ,            
   607 ,      60601 ,   667.60 ,     60675.7804 ,           ,good-bye   ,     1.00 ,            
   608 ,      60701 ,   668.70 ,     60775.9038 ,           ,good-bye   ,     1.00 ,            
   609 ,      60801 ,   669.80 ,     60876.0272 ,           ,good-bye   ,     1.00 ,            
   610 ,      60901 ,   670.90 ,     60976.1506 ,           ,good-bye   ,     1.00 ,            
   611 ,      61001 ,   672.00 ,     61076.2740 ,           ,good-bye   ,     1.00 ,            
   612 ,      61101 ,   673.10 ,     61176.3974 ,           ,good-bye   ,     1.00 ,            
   613 ,      61201 ,   674.20 ,     61276.5208 ,           ,good-bye   ,     1.00 ,            
   614 ,      61301 ,   675.30 ,     61376.6442 ,           ,good-bye   ,     1.00 ,            
   615 ,      61401 ,   676.40 ,     61476.7676 ,           ,good-bye   ,     1.00 ,            
   616 ,      61501 ,   677.50 ,     61576.8910 ,           ,good-bye   ,     1.00 ,            
   617 ,      61601 ,   678.60 ,     61677.0144 ,           ,good-bye   ,     1.00 ,            
   618 ,      61701 ,   679.70 ,     61777.1378 ,           ,good-bye   ,     1.00 ,            
   619 ,      61801 ,   680.80 ,     61877.2612 ,           ,good-bye   ,     1.00 ,            
   620 ,      61901 ,   681.90 ,     61977.3846 ,           ,good-bye   ,     1.00 ,            
   621 ,      62001 ,   683.00 ,     62077.5080 ,           ,good-bye   ,     1.00 ,            
   622 ,      62101 ,   684.10 ,     62177.6314 ,           ,good-bye   ,     1.00 ,            
   623 ,      62201 ,   685.20 ,     62277.7548 ,           ,good-bye   ,     1.00 ,            
   624 ,      62301 ,   686.30 ,     62377.8782 ,           ,good-bye   ,     1.00 ,            
   625 ,      62401 ,   687.40 ,     62478.0016 ,           ,good-bye   ,     1.00 ,            
   626 ,      62501 ,   688.50 ,     62578.1250 ,           ,good-bye   ,     1.00 ,            
   627 ,      62601 ,   689.60 ,     62678.2484 ,           ,good-bye   ,     1.00 ,            
   628 ,      62701 ,   690.70 ,     62778.3718 ,           ,good-bye   ,     1.00 ,            
   629 ,      62801 ,   691.80 ,     62878.4952 ,           ,good-bye   ,     1.00 ,            
   630 ,      62901 ,   692.90 ,     62978.6186 ,           ,good-bye   ,     1.00 ,            
   631 ,      63001 ,   694.00 ,     63078.7420 ,           ,good-bye   ,     1.00 ,            
   632 ,      63101 ,   695.10 ,     63178.8654 ,           ,good-bye   ,     1.00 ,            
   633 ,      63201 ,   696.20 ,     63278.9888 ,           ,good-bye   ,     1.00 ,            
   634 ,      63301 ,   697.30 ,     63379.1122 ,           ,good-bye   ,     1.00 ,            
   635 ,      63401 ,   698.40 ,     63479.2356 ,           ,good-bye   ,     1.00 ,            
   636 ,      63501 ,   699.50 ,     63579.3590 ,           ,good-bye   ,     1.00 ,            
   637 ,      63601 ,   700.60 ,     63679.4824 ,           ,good-bye   ,     1.00 ,            
   638 ,      63701 ,   701.70 ,     63779.6058 ,           ,good-bye   ,     1.00 ,            
   639 ,      63801 ,   702.80 ,     63879.7292 ,           ,good-bye   ,     1.00 ,            
   640 ,      63901 ,   703.90 ,     63979.8526 ,           ,good-bye   ,     1.00 ,            
   641 ,      64001 ,   705.00 ,     64079.9760 ,           ,good-bye   ,     1.00 ,            
   642 ,      64101 ,   706.10 ,     64180.0994 ,           ,good-bye   ,     1.00 ,            
   643 ,      64201 ,   707.20 ,     64280.2228 ,           ,good-bye   ,     1.00 ,            
   644 ,      64301 ,   708.30 ,     64380.3462 ,           ,good-bye   ,     1.00 ,            
   645 ,      64401 ,   709.40 ,     64480.4696 ,           ,good-bye   ,     1.00 ,            
   646 ,      64501 ,   710.50 ,     64580.5930 ,           ,good-bye   ,     1.00 ,            
   647 ,      64601 ,   711.60 ,     64680.7164 ,           ,good-bye   ,     1.00 ,            
   648 ,      64701 ,   712.70 ,     64780.8398 ,           ,good-bye   ,     1.00 ,            
   649 ,      64801 ,   713.80 ,     64880.9632 ,           ,good-bye   ,     1.00 ,            
   650 ,      64901 ,   714.90 ,     64981.0866 ,           ,good-bye   ,     1.00 ,            
   651 ,      65001 ,   716.00 ,     65081.2100 ,           ,good-bye   ,     1.00 ,            
   652 ,      65101 ,   717.10 ,     65181.3334 ,           ,good-bye   ,     1.00 ,            
   653 ,      65201 ,   718.20 ,     65281.4568 ,           ,good-bye   ,     1.00 ,            
   654 ,      65301 ,   719.30 ,     65381.5802 ,           ,good-bye   ,     1.00 ,            
   655 ,      65401 ,   720.40 ,     65481.7036 ,           ,good-bye   ,     1.00 ,            
   656 ,      65501 ,   721.50 ,     65581.8270 ,           ,good-bye   ,     1.00 ,            
   657 ,      65601 ,   722.60 ,     65681.9504 ,           ,good-bye   ,     1.00 ,            
   658 ,      65701 ,   723.70 ,     65782.0738 ,           ,good-bye   ,     1.00 ,            
   659 ,      65801 ,   724.80 ,     65882.1972 ,           ,good-bye   ,     1.00 ,            
   660 ,      65901 ,   725.90 ,     65982.3206 ,           ,good-bye   ,     1.00 ,            
   661 ,      66001 ,   727.00 ,     66082.4440 ,           ,good-bye   ,     1.00 ,            
   662 ,      66101 ,   728.10 ,     66182.5674 ,           ,good-bye   ,     1.00 ,            
   663 ,      66201 ,   729.20 ,     66282.6908 ,           ,good-bye   ,     1.00 ,            
   664 ,      66301 ,   730.30 ,     66382.8142 ,           ,good-bye   ,     1.00 ,            
   665 ,      66401 ,   731.40 ,     66482.9376 ,           ,good-bye   ,     1.00 ,            
   666 ,      66501 ,   732.50 ,     66583.0610 ,           ,good-bye   ,     1.00 ,            
   667 ,      66601 ,   733.60 ,     66683.1844 ,           ,good-bye   ,     1.00 ,            
   668 ,      66701 ,   734.70 ,     66783.3078 ,           ,good-bye   ,     1.00 ,            
   669 ,      66801 ,   735.80 ,     66883.4312 ,           ,good-bye   ,     1.00 ,            
   670 ,      66901 ,   736.90 ,     66983.5546 ,           ,good-bye   ,     1.00 ,            
   671 ,      67001 ,   738.00 ,     67083.6780 ,           ,good-bye   ,     1.00 ,            
   672 ,      67101 ,   739.10 ,     67183.8014 ,           ,good-bye   ,     1.00 ,            
   673 ,      67201 ,   740.20 ,     67283.9248 ,           ,good-bye   ,     1.00 ,            
   674 ,      67301 ,   741.30 ,     67384.0482 ,           ,good-bye   ,     1.00 ,            
   675 ,      67401 ,   742.40 ,     67484.1716 ,           ,good-bye   ,     1.00 ,            
   676 ,      67501 ,   743.50 ,     67584.2950 ,           ,good-bye   ,     1.00 ,            
   677 ,      67601 ,   744.60 ,     67684.4184 ,           ,good-bye   ,     1.00 ,            
   678 ,      67701 ,   745.70 ,     67784.5418 ,           ,good-bye   ,     1.00 ,            
   679 ,      67801 ,   746.80 ,     67884.6652 ,           ,good-bye   ,     1.00 ,            
   680 ,      67901 ,   747.90 ,     67984.7886 ,           ,good-bye   ,     1.00 ,            
   681 ,      68001 ,   749.00 ,     68084.9120 ,           ,good-bye   ,     1.00 ,            
   682 ,      68101 ,   750.10 ,     68185.0354 ,           ,good-bye   ,     1.00 ,            
   683 ,      68201 ,   751.20 ,     68285.1588 ,           ,good-bye   ,     1.00 ,            
   684 ,      68301 ,   752.30 ,     68385.2822 ,           ,good-bye   ,     1.00 ,            
   685 ,      68401 ,   753.40 ,     68485.4056 ,           ,good-bye   ,     1.00 ,            
   686 ,      68501 ,   754.50 ,     68585.5290 ,           ,good-bye   ,     1.00 ,            
   687 ,      68601 ,   755.60 ,     68685.6524 ,           ,good-bye   ,     1.00 ,            
   688 ,      68701 ,   756.70 ,     68785.7758 ,           ,good-bye   ,     1.00 ,            
   689 ,      68801 ,   757.80 ,     68885.8992 ,           ,good-bye   ,     1.00 ,            
   690 ,      68901 ,   758.90 ,     68986.0226 ,           ,good-bye   ,     1.00 ,            
   691 ,      69001 ,   760.00 ,     69086.1460 ,           ,good-bye   ,     1.00 ,            
   692 ,      69101 ,   761.10 ,     69186.2694 ,           ,good-bye   ,     1.00 ,            
   693 ,      69201 ,   762.20 ,     69286.3928 ,           ,good-bye   ,     1.00 ,            
   694 ,      69301 ,   763.30 ,     69386.5162 ,           ,good-bye   ,     1.00 ,            
   695 ,      69401 ,   764.40 ,     69486.6396 ,           ,good-bye   ,     1.00 ,            
   696 ,      69501 ,   765.50 ,     69586.7630 ,           ,good-bye   ,     1.00 ,            
   697 ,      69601 ,   766.60 ,     69686.8864 ,           ,good-bye   ,     1.00 ,            
   698 ,      69701 ,   767.70 ,     69787.0098 ,           ,good-bye   ,     1.00 ,            
   699 ,      69801 ,   768.80 ,     69887.1332 ,           ,good-bye   ,     1.00 ,            
   700 ,      69901 ,   769.90 ,     69987.2566 ,           ,good-bye   ,     1.00 ,            
   701 ,      70001 ,   771.00 ,     70087.3800 ,           ,good-bye   ,     1.00 ,            
   702 ,      70101 ,   772.10 ,     70187.5034 ,           ,good-bye   ,     1.00 ,            
   703 ,      70201 ,   773.20 ,     70287.6268 ,           ,good-bye   ,     1.00 ,            
   704 ,      70301 ,   774.30 ,     70387.7502 ,           ,good-bye   ,     1.00 ,            
   705 ,      70401 ,   775.40 ,     70487.8736 ,           ,good-bye   ,     1.00 ,            
   706 ,      70501 ,   776.50 ,     70587.9970 ,           ,good-bye   ,     1.00 ,            
   707 ,      70601 ,   777.60 ,     70688.1204 ,           ,good-bye   ,     1.00 ,            
   708 ,      70701 ,   778.70 ,     70788.2438 ,           ,good-bye   ,     1.00 ,            
   709 ,      70801 ,   779.80 ,     70888.3672 ,           ,good-bye   ,     1.00 ,            
   710 ,      70901 ,   780.90 ,     70988.4906 ,           ,good-bye   ,     1.00 ,            
   711 ,      71001 ,   782.00 ,     71088.6140 ,           ,good-bye   ,     1.00 ,            
   712 ,      71101 ,   783.10 ,     71188.7374 ,           ,good-bye   ,     1.00 ,            
   713 ,      71201 ,   784.20 ,     71288.8608 ,           ,good-bye   ,     1.00 ,            
   714 ,      71301 ,   785.30 ,     71388.9842 ,           ,good-bye   ,     1.00 ,            
   715 ,      71401 ,   786.40 ,     71489.1076 ,           ,good-bye   ,     1.00 ,            
   716 ,      71501 ,   787.50 ,     71589.2310 ,           ,good-bye   ,     1.00 ,            
   717 ,      71601 ,   788.60 ,     71689.3544 ,           ,good-bye   ,     1.00 ,            
   718 ,      71701 ,   789.70 ,     71789.4778 ,           ,good-bye   ,     1.00 ,            
   719 ,      71801 ,   790.80 ,     71889.6012 ,           ,good-bye   ,     1.00 ,            
   720 ,      71901 ,   791.90 ,     71989.7246 ,           ,good-bye   ,     1.00 ,            
   721 ,      72001 ,   793.00 ,     72089.8480 ,           ,good-bye   ,     1.00 ,            
   722 ,      72101 ,   794.10 ,     72189.9714 ,           ,good-bye   ,     1.00 ,            
   723 ,      72201 ,   795.20 ,     72290.0948 ,           ,good-bye   ,     1.00 ,            
   724 ,      72301 ,   796.30 ,     72390.2182 ,           ,good-bye   ,     1.00 ,            
   725 ,      72401 ,   797.40 ,     72490.3416 ,           ,good-bye   ,     1.00 ,            
   726 ,      72501 ,   798.50 ,     72590.4650 ,           ,good-bye   ,     1.00 ,            
   727 ,      72601 ,   799.60 ,     72690.5884 ,           ,good-bye   ,     1.00 ,            
   728 ,      72701 ,   800.70 ,     72790.7118 ,           ,good-bye   ,     1.00 ,            
   729 ,      72801 ,   801.80 ,     72890.8352 ,           ,good-bye   ,     1.00 ,            
   730 ,      72901 ,   802.90 ,     72990.9586 ,           ,good-bye   ,     1.00 ,            
   731 ,      73001 ,   804.00 ,     73091.0820 ,           ,good-bye   ,     1.00 ,            
   732 ,      73101 ,   805.10 ,     73191.2054 ,           ,good-bye   ,     1.00 ,            
   733 ,      73201 ,   806.20 ,     73291.3288 ,           ,good-bye   ,     1.00 ,            
   734 ,      73301 ,   807.30 ,     73391.4522 ,           ,good-bye   ,     1.00 ,            
   735 ,      73401 ,   808.40 ,     73491.5756 ,           ,good-bye   ,     1.00 ,            
   736 ,      73501 ,   809.50 ,     73591.6990 ,           ,good-bye   ,     1.00 ,            
   737 ,      73601 ,   810.60 ,     73691.8224 ,           ,good-bye   ,     1.00 ,            
   738 ,      73701 ,   811.70 ,     73791.9458 ,           ,good-bye   ,     1.00 ,            
   739 ,      73801 ,   812.80 ,     73892.0692 ,           ,good-bye   ,     1.00 ,            
   740 ,      73901 ,   813.90 ,     73992.1926 ,           ,good-bye   ,     1.00 ,            
   741 ,      74001 ,   815.00 ,     74092.3160 ,           ,good-bye   ,     1.00 ,            
   742 ,      74101 ,   816.10 ,     74192.4394 ,           ,good-bye   ,     1.00 ,            
   743 ,      74201 ,   817.20 ,     74292.5628 ,           ,good-bye   ,     1.00 ,            
   744 ,      74301 ,   818.30 ,     74392.6862 ,           ,good-bye   ,     1.00 ,            
   745 ,      74401 ,   819.40 ,     74492.8096 ,           ,good-bye   ,     1.00 ,            
   746 ,      74501 ,   820.50 ,     74592.9330 ,           ,good-bye   ,     1.00 ,            
   747 ,      74601 ,   821.60 ,     74693.0564 ,           ,good-bye   ,     1.00 ,            
   748 ,      74701 ,   822.70 ,     74793.1798 ,           ,good-bye   ,     1.00 ,            
   749 ,      74801 ,   823.80 ,     74893.3032 ,           ,good-bye   ,     1.00 ,            
   750 ,      74901 ,   824.90 ,     74993.4266 ,           ,good-bye   ,     1.00 ,            
   751 ,      75001 ,   826.00 ,     75093.5500 ,           ,good-bye   ,     1.00 ,            
   752 ,      75101 ,   827.10 ,     75193.6734 ,           ,good-bye   ,     1.00 ,            
   753 ,      75201 ,   828.20 ,     75293.7968 ,           ,good-bye   ,     1.00 ,            
   754 ,      75301 ,   829.29 ,     75393.9202 ,           ,good-bye   ,     1.00 ,            
   755 ,      75401 ,   830.39 ,     75494.0436 ,           ,good-bye   ,     1.00 ,            
   756 ,      75501 ,   831.49 ,     75594.1670 ,           ,good-bye   ,     1.00 ,            
   757 ,      75601 ,   832.59 ,     75694.2904 ,           ,good-bye   ,     1.00 ,            
   758 ,      75701 ,   833.69 ,     75794.4138 ,           ,good-bye   ,     1.00 ,            
   759 ,      75801 ,   834.79 ,     75894.5372 ,           ,good-bye   ,     1.00 ,            
   760 ,      75901 ,   835.89 ,     75994.6606 ,           ,good-bye   ,     1.00 ,            
   761 ,      76001 ,   836.99 ,     76094.7840 ,           ,good-bye   ,     1.00 ,            
   762 ,      76101 ,   838.09 ,     76194.9074 ,           ,good-bye   ,     1.00 ,            
   763 ,      76201 ,   839.19 ,     76295.0308 ,           ,good-bye   ,     1.00 ,            
   764 ,      76301 ,   840.29 ,     76395.1542 ,           ,good-bye   ,     1.00 ,            
   765 ,      76401 ,   841.39 ,     76495.2776 ,           ,good-bye   ,     1.00 ,            
   766 ,      76501 ,   842.49 ,     76595.4010 ,           ,good-bye   ,     1.00 ,            
   767 ,      76601 ,   843.59 ,     76695.5244 ,           ,good-bye   ,     1.00 ,            
   768 ,      76701 ,   844.69 ,     76795.6478 ,           ,good-bye   ,     1.00 ,            
   769 ,      76801 ,   845.79 ,     76895.7712 ,           ,good-bye   ,     1.00 ,            
   770 ,      76901 ,   846.89 ,     76995.8946 ,           ,good-bye   ,     1.00 ,            
   771 ,      77001 ,   847.99 ,     77096.0180 ,           ,good-bye   ,     1.00 ,            
   772 ,      77101 ,   849.09 ,     77196.1414 ,           ,good-bye   ,     1.00 ,            
   773 ,      77201 ,   850.19 ,     77296.2648 ,           ,good-bye   ,     1.00 ,            
   774 ,      77301 ,   851.29 ,     77396.3882 ,           ,good-bye   ,     1.00 ,            
   775 ,      77401 ,   852.39 ,     77496.5116 ,           ,good-bye   ,     1.00 ,            
   776 ,      77501 ,   853.49 ,     77596.6350 ,           ,good-bye   ,     1.00 ,            
   777 ,      77601 ,   854.59 ,     77696.7584 ,           ,good-bye   ,     1.00 ,            
   778 ,      77701 ,   855.69 ,     77796.8818 ,           ,good-bye   ,     1.00 ,            
   779 ,      77801 ,   856.79 ,     77897.0052 ,           ,good-bye   ,     1.00 ,            
   780 ,      77901 ,   857.89 ,     77997.1286 ,           ,good-bye   ,     1.00 ,            
   781 ,      78001 ,   858.99 ,     78097.2520 ,           ,good-bye   ,     1.00 ,            
   782 ,      78101 ,   860.09 ,     78197.3754 ,           ,good-bye   ,     1.00 ,            
   783 ,      78201 ,   861.19 ,     78297.4988 ,           ,good-bye   ,     1.00 ,            
   784 ,      78301 ,   862.29 ,     78397.6222 ,           ,good-bye   ,     1.00 ,            
   785 ,      78401 ,   863.39 ,     78497.7456 ,           ,good-bye   ,     1.00 ,            
   786 ,      78501 ,   864.49 ,     78597.8690 ,           ,good-bye   ,     1.00 ,            
   787 ,      78601 ,   865.59 ,     78697.9924 ,           ,good-bye   ,     1.00 ,            
   788 ,      78701 ,   866.69 ,     78798.1158 ,           ,good-bye   ,     1.00 ,            
   789 ,      78801 ,   867.79 ,     78898.2392 ,           ,good-bye   ,     1.00 ,            
   790 ,      78901 ,   868.89 ,     78998.3626 ,           ,good-bye   ,     1.00 ,            
   791 ,      79001 ,   869.99 ,     79098.4860 ,           ,good-bye   ,     1.00 ,            
   792 ,      79101 ,   871.09 ,     79198.6094 ,           ,good-bye   ,     1.00 ,            
   793 ,      79201 ,   872.19 ,     79298.7328 ,           ,good-bye   ,     1.00 ,            
   794 ,      79301 ,   873.29 ,     79398.8562 ,           ,good-bye   ,     1.00 ,            
   795 ,      79401 ,   874.39 ,     79498.9796 ,           ,good-bye   ,     1.00 ,            
   796 ,      79501 ,   875.49 ,     79599.1030 ,           ,good-bye   ,     1.00 ,            
   797 ,      79601 ,   876.59 ,     79699.2264 ,           ,good-bye   ,     1.00 ,            
   798 ,      79701 ,   877.69 ,     79799.3498 ,           ,good-bye   ,     1.00 ,            
   799 ,      79801 ,   878.79 ,     79899.4732 ,           ,good-bye   ,     1.00 ,            
   800 ,      79901 ,   879.89 ,     79999.5966 ,           ,good-bye   ,     1.00 ,            
   801 ,      80001 ,   880.99 ,     80099.7200 ,           ,good-bye   ,     1.00 ,            
   802 ,      80101 ,   882.09 ,     80199.8434 ,           ,good-bye   ,     1.00 ,            
   803 ,      80201 ,   883.19 ,     80299.9668 ,           ,good-bye   ,     1.00 ,            
   804 ,      80301 ,   884.29 ,     80400.0902 ,           ,good-bye   ,     1.00 ,            
   805 ,      80401 ,   885.39 ,     80500.2136 ,           ,good-bye   ,     1.00 ,            
   806 ,      80501 ,   886.49 ,     80600.3370 ,           ,good-bye   ,     1.00 ,            
   807 ,      80601 ,   887.59 ,     80700.4604 ,           ,good-bye   ,     1.00 ,            
   808 ,      80701 ,   888.69 ,     80800.5838 ,           ,good-bye   ,     1.00 ,            
   809 ,      80801 ,   889.79 ,     80900.7072 ,           ,good-bye   ,     1.00 ,            
   810 ,      80901 ,   890.89 ,     81000.8306 ,           ,good-bye   ,     1.00 ,            
   811 ,      81001 ,   891.99 ,     81100.9540 ,           ,good-bye   ,     1.00 ,            
   812 ,      81101 ,   893.09 ,     81201.0774 ,           ,good-bye   ,     1.00 ,            
   813 ,      81201 ,   894.19 ,     81301.2008 ,           ,good-bye   ,     1.00 ,            
   814 ,      81301 ,   895.29 ,     81401.3242 ,           ,good-bye   ,     1.00 ,            
   815 ,      81401 ,   896.39 ,     81501.4476 ,           ,good-bye   ,     1.00 ,            
   816 ,      81501 ,   897.49 ,     81601.5710 ,           ,good-bye   ,     1.00 ,            
   817 ,      81601 ,   898.59 ,     81701.6944 ,           ,good-bye   ,     1.00 ,            
   818 ,      81701 ,   899.69 ,     81801.8178 ,           ,good-bye   ,     1.00 ,            
   819 ,      81801 ,   900.79 ,     81901.9412 ,           ,good-bye   ,     1.00 ,            
   820 ,      81901 ,   901.89 ,     82002.0646 ,           ,good-bye   ,     1.00 ,            
   821 ,      82001 ,   902.99 ,     82102.1880 ,           ,good-bye   ,     1.00 ,            
   822 ,      82101 ,   904.09 ,     82202.3114 ,           ,good-bye   ,     1.00 ,            
   823 ,      82201 ,   905.19 ,     82302.4348 ,           ,good-bye   ,     1.00 ,            
   824 ,      82301 ,   906.29 ,     82402.5582 ,           ,good-bye   ,     1.00 ,            
   825 ,      82401 ,   907.39 ,     82502.6816 ,           ,good-bye   ,     1.00 ,            
   826 ,      82501 ,   908.49 ,     82602.8050 ,           ,good-bye   ,     1.00 ,            
   827 ,      82601 ,   909.59 ,     82702.9284 ,           ,good-bye   ,     1.00 ,            
   828 ,      82701 ,   910.69 ,     82803.0518 ,           ,good-bye   ,     1.00 ,            
   829 ,      82801 ,   911.79 ,     82903.1752 ,           ,good-bye   ,     1.00 ,            
   830 ,      82901 ,   912.89 ,     83003.2986 ,           ,good-bye   ,     1.00 ,            
   831 ,      83001 ,   913.99 ,     83103.4220 ,           ,good-bye   ,     1.00 ,            
   832 ,      83101 ,   915.09 ,     83203.5454 ,           ,good-bye   ,     1.00 ,            
   833 ,      83201 ,   916.19 ,     83303.6688 ,           ,good-bye   ,     1.00 ,            
   834 ,      83301 ,   917.29 ,     83403.7922 ,           ,good-bye   ,     1.00 ,            
   835 ,      83401 ,   918.39 ,     83503.9156 ,           ,good-bye   ,     1.00 ,            
   836 ,      83501 ,   919.49 ,     83604.0390 ,           ,good-bye   ,     1.00 ,            
   837 ,      83601 ,   920.59 ,     83704.1624 ,           ,good-bye   ,     1.00 ,            
   838 ,      83701 ,   921.69 ,     83804.2858 ,           ,good-bye   ,     1.00 ,            
   839 ,      83801 ,   922.79 ,     83904.4092 ,           ,good-bye   ,     1.00 ,            
   840 ,      83901 ,   923.89 ,     84004.5326 ,           ,good-bye   ,     1.00 ,            
   841 ,      84001 ,   924.99 ,     84104.6560 ,           ,good-bye   ,     1.00 ,            
   842 ,      84101 ,   926.09 ,     84204.7794 ,           ,good-bye   ,     1.00 ,            
   843 ,      84201 ,   927.19 ,     84304.9028 ,           ,good-bye   ,     1.00 ,            
   844 ,      84301 ,   928.29 ,     84405.0262 ,           ,good-bye   ,     1.00 ,            
   845 ,      84401 ,   929.39 ,     84505.1496 ,           ,good-bye   ,     1.00 ,            
   846 ,      84501 ,   930.49 ,     84605.2730 ,           ,good-bye   ,     1.00 ,            
   847 ,      84601 ,   931.59 ,     84705.3964 ,           ,good-bye   ,     1.00 ,            
   848 ,      84701 ,   932.69 ,     84805.5198 ,           ,good-bye   ,     1.00 ,            
   849 ,      84801 ,   933.79 ,     84905.6432 ,           ,good-bye   ,     1.00 ,            
   850 ,      84901 ,   934.89 ,     85005.7666 ,           ,good-bye   ,     1.00 ,            
   851 ,      85001 ,   935.99 ,     85105.8900 ,           ,good-bye   ,     1.00 ,            
   852 ,      85101 ,   937.09 ,     85206.0134 ,           ,good-bye   ,     1.00 ,            
   853 ,      85201 ,   938.19 ,     85306.1368 ,           ,good-bye   ,     1.00 ,            
   854 ,      85301 ,   939.29 ,     85406.2602 ,           ,good-bye   ,     1.00 ,            
   855 ,      85401 ,   940.39 ,     85506.3836 ,           ,good-bye   ,     1.00 ,            
   856 ,      85501 ,   941.49 ,     85606.5070 ,           ,good-bye   ,     1.00 ,            
   857 ,      85601 ,   942.59 ,     85706.6304 ,           ,good-bye   ,     1.00 ,            
   858 ,      85701 ,   943.69 ,     85806.7538 ,           ,good-bye   ,     1.00 ,            
   859 ,      85801 ,   944.79 ,     85906.8772 ,           ,good-bye   ,     1.00 ,            
   860 ,      85901 ,   945.89 ,     86007.0006 ,           ,good-bye   ,     1.00 ,            
   861 ,      86001 ,   946.99 ,     86107.1240 ,           ,good-bye   ,     1.00 ,            
   862 ,      86101 ,   948.09 ,     86207.2474 ,           ,good-bye   ,     1.00 ,            
   863 ,      86201 ,   949.19 ,     86307.3708 ,           ,good-bye   ,     1.00 ,            
   864 ,      86301 ,   950.29 ,     86407.4942 ,           ,good-bye   ,     1.00 ,            
   865 ,      86401 ,   951.39 ,     86507.6176 ,           ,good-bye   ,     1.00 ,            
   866 ,      86501 ,   952.49 ,     86607.7410 ,           ,good-bye   ,     1.00 ,            
   867 ,      86601 ,   953.59 ,     86707.8644 ,           ,good-bye   ,     1.00 ,            
   868 ,      86701 ,   954.69 ,     86807.9878 ,           ,good-bye   ,     1.00 ,            
   869 ,      86801 ,   955.79 ,     86908.1112 ,           ,good-bye   ,     1.00 ,            
   870 ,      86901 ,   956.89 ,     87008.2346 ,           ,good-bye   ,     1.00 ,            
   871 ,      87001 ,   957.99 ,     87108.3580 ,           ,good-bye   ,     1.00 ,            
   872 ,      87101 ,   959.09 ,     87208.4814 ,           ,good-bye   ,     1.00 ,            
   873 ,      87201 ,   960.19 ,     87308.6048 ,           ,good-bye   ,     1.00 ,            
   874 ,      87301 ,   961.29 ,     87408.7282 ,           ,good-bye   ,     1.00 ,            
   875 ,      87401 ,   962.39 ,     87508.8516 ,           ,good-bye   ,     1.00 ,            
   876 ,      87501 ,   963.49 ,     87608.9750 ,           ,good-bye   ,     1.00 ,            
   877 ,      87601 ,   964.59 ,     87709.0984 ,           ,good-bye   ,     1.00 ,            
   878 ,      87701 ,   965.69 ,     87809.2218 ,           ,good-bye   ,     1.00 ,            
   879 ,      87801 ,   966.79 ,     87909.3452 ,           ,good-bye   ,     1.00 ,            
   880 ,      87901 ,   967.89 ,     88009.4686 ,           ,good-bye   ,     1.00 ,            
   881 ,      88001 ,   968.99 ,     88109.5920 ,           ,good-bye   ,     1.00 ,            
   882 ,      88101 ,   970.09 ,     88209.7154 ,           ,good-bye   ,     1.00 ,            
   883 ,      88201 ,   971.19 ,     88309.8388 ,           ,good-bye   ,     1.00 ,            
   884 ,      88301 ,   972.29 ,     88409.9622 ,           ,good-bye   ,     1.00 ,            
   885 ,      88401 ,   973.39 ,     88510.0856 ,           ,good-bye   ,     1.00 ,            
   886 ,      88501 ,   974.49 ,     88610.2090 ,           ,good-bye   ,     1.00 ,            
   887 ,      88601 ,   975.59 ,     88710.3324 ,           ,good-bye   ,     1.00 ,            
   888 ,      88701 ,   976.69 ,     88810.4558 ,           ,good-bye   ,     1.00 ,            
   889 ,      88801 ,   977.79 ,     88910.5792 ,           ,good-bye   ,     1.00 ,            
   890 ,      88901 ,   978.89 ,     89010.7026 ,           ,good-bye   ,     1.00 ,            
   891 ,      89001 ,   979.99 ,     89110.8260 ,           ,good-bye   ,     1.00 ,            
   892 ,      89101 ,   981.09 ,     89210.9494 ,           ,good-bye   ,     1.00 ,            
   893 ,      89201 ,   982.19 ,     89311.0728 ,           ,good-bye   ,     1.00 ,            
   894 ,      89301 ,   983.29 ,     89411.1962 ,           ,good-bye   ,     1.00 ,            
   895 ,      89401 ,   984.39 ,     89511.3196 ,           ,good-bye   ,     1.00 ,            
   896 ,      89501 ,   985.49 ,     89611.4430 ,           ,good-bye   ,     1.00 ,            
   897 ,      89601 ,   986.59 ,     89711.5664 ,           ,good-bye   ,     1.00 ,            
   898 ,      89701 ,   987.69 ,     89811.6898 ,           ,good-bye   ,     1.00 ,            
   899 ,      89801 ,   988.79 ,     89911.8132 ,           ,good-bye   ,     1.00 ,            
   900 ,      89901 ,   989.89 ,     90011.9366 ,           ,good-bye   ,     1.00 ,            
   901 ,      90001 ,   990.99 ,     90112.0600 ,           ,good-bye   ,     1.00 ,            
   902 ,      90101 ,   992.09 ,     90212.1834 ,           ,good-bye   ,     1.00 ,            
   903 ,      90201 ,   993.19 ,     90312.3068 ,           ,good-bye   ,     1.00 ,            
   904 ,      90301 ,   994.29 ,     90412.4302 ,           ,good-bye   ,     1.00 ,            
   905 ,      90401 ,   995.39 ,     90512.5536 ,           ,good-bye   ,     1.00 ,            
   906 ,      90501 ,   996.49 ,     90612.6770 ,           ,good-bye   ,     1.00 ,            
   907 ,      90601 ,   997.59 ,     90712.8004 ,           ,good-bye   ,     1.00 ,            
   908 ,      90701 ,   998.69 ,     90812.9238 ,           ,good-bye   ,     1.00 ,            
   909 ,      90801 ,   999.79 ,     90913.0472 ,           ,good-bye   ,     1.00 ,            
   910 ,      90901 ,  1000.89 ,     91013.1706 ,           ,good-bye   ,     1.00 ,            
   911 ,      91001 ,  1001.99 ,     91113.2940 ,           ,good-bye   ,     1.00 ,            
   912 ,      91101 ,  1003.09 ,     91213.4174 ,           ,good-bye   ,     1.00 ,            
   913 ,      91201 ,  1004.19 ,     91313.5408 ,           ,good-bye   ,     1.00 ,            
   914 ,      91301 ,  1005.29 ,     91413.6642 ,           ,good-bye   ,     1.00 ,            
   915 ,      91401 ,  1006.39 ,     91513.7876 ,           ,good-bye   ,     1.00 ,            
   916 ,      91501 ,  1007.49 ,     91613.9110 ,           ,good-bye   ,     1.00 ,            
   917 ,      91601 ,  1008.59 ,     91714.0344 ,           ,good-bye   ,     1.00 ,            
   918 ,      91701 ,  1009.69 ,     91814.1578 ,           ,good-bye   ,     1.00 ,            
   919 ,      91801 ,  1010.79 ,     91914.2812 ,           ,good-bye   ,     1.00 ,            
   920 ,      91901 ,  1011.89 ,     92014.4046 ,           ,good-bye   ,     1.00 ,            
   921 ,      92001 ,  1012.99 ,     92114.5280 ,           ,good-bye   ,     1.00 ,            
   922 ,      92101 ,  1014.09 ,     92214.6514 ,           ,good-bye   ,     1.00 ,            
   923 ,      92201 ,  1015.19 ,     92314.7748 ,           ,good-bye   ,     1.00 ,            
   924 ,      92301 ,  1016.29 ,     92414.8982 ,           ,good-bye   ,     1.00 ,            
   925 ,      92401 ,  1017.39 ,     92515.0216 ,           ,good-bye   ,     1.00 ,            
   926 ,      92501 ,  1018.49 ,     92615.1450 ,           ,good-bye   ,     1.00 ,            
   927 ,      92601 ,  1019.59 ,     92715.2684 ,           ,good-bye   ,     1.00 ,            
   928 ,      92701 ,  1020.69 ,     92815.3918 ,           ,good-bye   ,     1.00 ,            
   929 ,      92801 ,  1021.79 ,     92915.5152 ,           ,good-bye   ,     1.00 ,            
   930 ,      92901 ,  1022.89 ,     93015.6386 ,           ,good-bye   ,     1.00 ,            
   931 ,      93001 ,  1023.99 ,     93115.7620 ,           ,good-bye   ,     1.00 ,            
   932 ,      93101 ,  1025.09 ,     93215.8854 ,           ,good-bye   ,     1.00 ,            
   933 ,      93201 ,  1026.19 ,     93316.0088 ,           ,good-bye   ,     1.00 ,            
   934 ,      93301 ,  1027.29 ,     93416.1322 ,           ,good-bye   ,     1.00 ,            
   935 ,      93401 ,  1028.39 ,     93516.2556 ,           ,good-bye   ,     1.00 ,            
   936 ,      93501 ,  1029.49 ,     93616.3790 ,           ,good-bye   ,     1.00 ,            
   937 ,      93601 ,  1030.59 ,     93716.5024 ,           ,good-bye   ,     1.00 ,            
   938 ,      93701 ,  1031.69 ,     93816.6258 ,           ,good-bye   ,     1.00 ,            
   939 ,      93801 ,  1032.79 ,     93916.7492 ,           ,good-bye   ,     1.00 ,            
   940 ,      93901 ,  1033.89 ,     94016.8726 ,           ,good-bye   ,     1.00 ,            
   941 ,      94001 ,  1034.99 ,     94116.9960 ,           ,good-bye   ,     1.00 ,            
   942 ,      94101 ,  1036.09 ,     94217.1194 ,           ,good-bye   ,     1.00 ,            
   943 ,      94201 ,  1037.19 ,     94317.2428 ,           ,good-bye   ,     1.00 ,            
   944 ,      94301 ,  1038.29 ,     94417.3662 ,           ,good-bye   ,     1.00 ,            
   945 ,      94401 ,  1039.39 ,     94517.4896 ,           ,good-bye   ,     1.00 ,            
   946 ,      94501 ,  1040.49 ,     94617.6130 ,           ,good-bye   ,     1.00 ,            
   947 ,      94601 ,  1041.59 ,     94717.7364 ,           ,good-bye   ,     1.00 ,            
   948 ,      94701 ,  1042.69 ,     94817.8598 ,           ,good-bye   ,     1.00 ,            
   949 ,      94801 ,  1043.79 ,     94917.9832 ,           ,good-bye   ,     1.00 ,            
   950 ,      94901 ,  1044.89 ,     95018.1066 ,           ,good-bye   ,     1.00 ,            
   951 ,      95001 ,  1045.99 ,     95118.2300 ,           ,good-bye   ,     1.00 ,            
   952 ,      95101 ,  1047.09 ,     95218.3534 ,           ,good-bye   ,     1.00 ,            
   953 ,      95201 ,  1048.19 ,     95318.4768 ,           ,good-bye   ,     1.00 ,            
   954 ,      95301 ,  1049.29 ,     95418.6002 ,           ,good-bye   ,     1.00 ,            
   955 ,      95401 ,  1050.39 ,     95518.7236 ,           ,good-bye   ,     1.00 ,            
   956 ,      95501 ,  1051.49 ,     95618.8470 ,           ,good-bye   ,     1.00 ,            
   957 ,      95601 ,  1052.59 ,     95718.9704 ,           ,good-bye   ,     1.00 ,            
   958 ,      95701 ,  1053.69 ,     95819.0938 ,           ,good-bye   ,     1.00 ,            
   959 ,      95801 ,  1054.79 ,     95919.2172 ,           ,good-bye   ,     1.00 ,            
   960 ,      95901 ,  1055.89 ,     96019.3406 ,           ,good-bye   ,     1.00 ,            
   961 ,      96001 ,  1056.99 ,     96119.4640 ,           ,good-bye   ,     1.00 ,            
   962 ,      96101 ,  1058.09 ,     96219.5874 ,           ,good-bye   ,     1.00 ,            
   963 ,      96201 ,  1059.19 ,     96319.7108 ,           ,good-bye   ,     1.00 ,            
   964 ,      96301 ,  1060.29 ,     96419.8342 ,           ,good-bye   ,     1.00 ,            
   965 ,      96401 ,  1061.39 ,     96519.9576 ,           ,good-bye   ,     1.00 ,            
   966 ,      96501 ,  1062.49 ,     96620.0810 ,           ,good-bye   ,     1.00 ,            
   967 ,      96601 ,  1063.59 ,     96720.2044 ,           ,good-bye   ,     1.00 ,            
   968 ,      96701 ,  1064.69 ,     96820.3278 ,           ,good-bye   ,     1.00 ,            
   969 ,      96801 ,  1065.79 ,     96920.4512 ,           ,good-bye   ,     1.00 ,            
   970 ,      96901 ,  1066.89 ,     97020.5746 ,           ,good-bye   ,     1.00 ,            
   971 ,      97001 ,  1067.99 ,     97120.6980 ,           ,good-bye   ,     1.00 ,            
   972 ,      97101 ,  1069.09 ,     97220.8214 ,           ,good-bye   ,     1.00 ,            
   973 ,      97201 ,  1070.19 ,     97320.9448 ,           ,good-bye   ,     1.00 ,            
   974 ,      97301 ,  1071.29 ,     97421.0682 ,           ,good-bye   ,     1.00 ,            
   975 ,      97401 ,  1072.39 ,     97521.1916 ,           ,good-bye   ,     1.00 ,            
   976 ,      97501 ,  1073.49 ,     97621.3150 ,           ,good-bye   ,     1.00 ,            
   977 ,      97601 ,  1074.59 ,     97721.4384 ,           ,good-bye   ,     1.00 ,            
   978 ,      97701 ,  1075.69 ,     97821.5618 ,           ,good-bye   ,     1.00 ,            
   979 ,      97801 ,  1076.79 ,     97921.6852 ,           ,good-bye   ,     1.00 ,            
   980 ,      97901 ,  1077.89 ,     98021.8086 ,           ,good-bye   ,     1.00 ,            
   981 ,      98001 ,  1078.99 ,     98121.9320 ,           ,good-bye   ,     1.00 ,            
   982 ,      98101 ,  1080.09 ,     98222.0554 ,           ,good-bye   ,     1.00 ,            
   983 ,      98201 ,  1081.19 ,     98322.1788 ,           ,good-bye   ,     1.00 ,            
   984 ,      98301 ,  1082.29 ,     98422.3022 ,           ,good-bye   ,     1.00 ,            
   985 ,      98401 ,  1083.39 ,     98522.4256 ,           ,good-bye   ,     1.00 ,            
   986 ,      98501 ,  1084.49 ,     98622.5490 ,           ,good-bye   ,     1.00 ,            
   987 ,      98601 ,  1085.59 ,     98722.6724 ,           ,good-bye   ,     1.00 ,            
   988 ,      98701 ,  1086.69 ,     98822.7958 ,           ,good-bye   ,     1.00 ,            
   989 ,      98801 ,  1087.79 ,     98922.9192 ,           ,good-bye   ,     1.00 ,            
   990 ,      98901 ,  1088.89 ,     99023.0426 ,           ,good-bye   ,     1.00 ,            
   991 ,      99001 ,  1089.99 ,     99123.1660 ,           ,good-bye   ,     1.00 ,            
   992 ,      99101 ,  1091.09 ,     99223.2894 ,           ,good-bye   ,     1.00 ,            
   993 ,      99201 ,  1092.19 ,     99323.4128 ,           ,good-bye   ,     1.00 ,            
   994 ,      99301 ,  1093.29 ,     99423.5362 ,           ,good-bye   ,     1.00 ,            
   995 ,      99401 ,  1094.39 ,     99523.6596 ,           ,good-bye   ,     1.00 ,            
   996 ,      99501 ,  1095.49 ,     99623.7830 ,           ,good-bye   ,     1.00 ,            
   997 ,      99601 ,  1096.59 ,     99723.9064 ,           ,good-bye   ,     1.00 ,            
   998 ,      99701 ,  1097.69 ,     99824.0298 ,           ,good-bye   ,     1.00 ,            
   999 ,      99801 ,  1098.79 ,     99924.1532 ,           ,good-bye   ,     1.00 ,            
  1000 ,      99901 ,  1099.89 ,    100024.2766 ,           ,good-bye   ,     1.00 ,            
