-32656

-32556

-32456

-32356

-32256

-32156

-32056

-31956

-31856

-31756

-31656

-31556

-31456

-31356

-31256

-31156

-31056

-30956

-30856

-30756

-30656

-30556

-30456

-30356

-30256

-30156

-30056

-29956

-29856

-29756

-29656

-29556

-29456

-29356

-29256

-29156

-29056

-28956

-28856

-28756

-28656

-28556

-28456

-28356

-28256

-28156

-28056

-27956

-27856

-27756

-27656

-27556

-27456

-27356

-27256

-27156

-27056

-26956

-26856

-26756

-26656

-26556

-26456

-26356

-26256

-26156

-26056

-25956

-25856

-25756

-25656

-25556

-25456

-25356

-25256

-25156

-25056

-24956

-24856

-24756

-24656

-24556

-24456

-24356

-24256

-24156

-24056

-23956

-23856

-23756

-23656

-23556

-23456

-23356

-23256

-23156

-23056

-22956

-22856

-22756

-22656

-22556

-22456

-22356

-22256

-22156

-22056

-21956

-21856

-21756

-21656

-21556

-21456

-21356

-21256

-21156

-21056

-20956

-20856

-20756

-20656

-20556

-20456

-20356

-20256

-20156

-20056

-19956

-19856

-19756

-19656

-19556

-19456

-19356

-19256

-19156

-19056

-18956

-18856

-18756

-18656

-18556

-18456

-18356

-18256

-18156

-18056

-17956

-17856

-17756

-17656

-17556

-17456

-17356

-17256

-17156

-17056

-16956

-16856

-16756

-16656

-16556

-16456

-16356

-16256

-16156

-16056

-15956

-15856

-15756

-15656

-15556

-15456

-15356

-15256

-15156

-15056

-14956

-14856

-14756

-14656

-14556

-14456

-14356

-14256

-14156

-14056

-13956

-13856

-13756

-13656

-13556

-13456

-13356

-13256

-13156

-13056

-12956

-12856

-12756

-12656

-12556

-12456

-12356

-12256

-12156

-12056

-11956

-11856

-11756

-11656

-11556

-11456

-11356

-11256

-11156

-11056

-10956

-10856

-10756

-10656

-10556

-10456

-10356

-10256

-10156

-10056

 -9956

 -9856

 -9756

 -9656

 -9556

 -9456

 -9356

 -9256

 -9156

 -9056

 -8956

 -8856

 -8756

 -8656

 -8556

 -8456

 -8356

 -8256

 -8156

 -8056

 -7956

 -7856

 -7756

 -7656

 -7556

 -7456

 -7356

 -7256

 -7156

 -7056

 -6956

 -6856

 -6756

 -6656

 -6556

 -6456

 -6356

 -6256

 -6156

 -6056

 -5956

 -5856

 -5756

 -5656

 -5556

 -5456

 -5356

 -5256

 -5156

 -5056

 -4956

 -4856

 -4756

 -4656

 -4556

 -4456

 -4356

 -4256

 -4156

 -4056

 -3956

 -3856

 -3756

 -3656

 -3556

 -3456

 -3356

 -3256

 -3156

 -3056

 -2956

 -2856

 -2756

 -2656

 -2556

 -2456

 -2356

 -2256

 -2156

 -2056

 -1956

 -1856

 -1756

 -1656

 -1556

 -1456

 -1356

 -1256

 -1156

 -1056

  -956

  -856

  -756

  -656

  -556

  -456

  -356

  -256

  -156

   -56

    44

   144

   244

   344

   444

   544

   644

   744

   844

   944

  1044

  1144

  1244

  1344

  1444

  1544

  1644

  1744

  1844

  1944

  2044

  2144

  2244

  2344

  2444

  2544

  2644

  2744

  2844

  2944

  3044

  3144

  3244

  3344

  3444

  3544

  3644

  3744

  3844

  3944

  4044

  4144

  4244

  4344

  4444

  4544

  4644

  4744

  4844

  4944

  5044

  5144

  5244

  5344

  5444

  5544

  5644

  5744

  5844

  5944

  6044

  6144

  6244

  6344

  6444

  6544

  6644

  6744

  6844

  6944

  7044

  7144

  7244

  7344

  7444

  7544

  7644

  7744

  7844

  7944

  8044

  8144

  8244

  8344

  8444

  8544

  8644

  8744

  8844

  8944

  9044

  9144

  9244

  9344

  9444

  9544

  9644

  9744

  9844

  9944

 10044

 10144

 10244

 10344

 10444

 10544

 10644

 10744

 10844

 10944

 11044

 11144

 11244

 11344

 11444

 11544

 11644

 11744

 11844

 11944

 12044

 12144

 12244

 12344

 12444

 12544

 12644

 12744

 12844

 12944

 13044

 13144

 13244

 13344

 13444

 13544

 13644

 13744

 13844

 13944

 14044

 14144

 14244

 14344

 14444

 14544

 14644

 14744

 14844

 14944

 15044

 15144

 15244

 15344

 15444

 15544

 15644

 15744

 15844

 15944

 16044

 16144

 16244

 16344

 16444

 16544

 16644

 16744

 16844

 16944

 17044

 17144

 17244

 17344

 17444

 17544

 17644

 17744

 17844

 17944

 18044

 18144

 18244

 18344

 18444

 18544

 18644

 18744

 18844

 18944

 19044

 19144

 19244

 19344

 19444

 19544

 19644

 19744

 19844

 19944

 20044

 20144

 20244

 20344

 20444

 20544

 20644

 20744

 20844

 20944

 21044

 21144

 21244

 21344

 21444

 21544

 21644

 21744

 21844

 21944

 22044

 22144

 22244

 22344

 22444

 22544

 22644

 22744

 22844

 22944

 23044

 23144

 23244

 23344

 23444

 23544

 23644

 23744

 23844

 23944

 24044

 24144

 24244

 24344

 24444

 24544

 24644

 24744

 24844

 24944

 25044

 25144

 25244

 25344

 25444

 25544

 25644

 25744

 25844

 25944

 26044

 26144

 26244

 26344

 26444

 26544

 26644

 26744

 26844

 26944

 27044

 27144

 27244

 27344

 27444

 27544

 27644

 27744

 27844

 27944

 28044

 28144

 28244

 28344

 28444

 28544

 28644

 28744

 28844

 28944

 29044

 29144

 29244

 29344

 29444

 29544

 29644

 29744

 29844

 29944

 30044

 30144

 30244

 30344

 30444

 30544

 30644

 30744

 30844

 30944

 31044

 31144

 31244

 31344

 31444

 31544

 31644

 31744

 31844

 31944

 32044

 32144

 32244

 32344

 32444

 32544

 32644

 32744

-32768

-32668

-32568

-32468

-32368

-32268

-32168

-32068

-31968

-31868

-31768

-31668

-31568

-31468

-31368

-31268

-31168

-31068

-30968

-30868

-30768

-30668

-30568

-30468

-30368

-30268

-30168

-30068

-29968

-29868

-29768

-29668

-29568

-29468

-29368

-29268

-29168

-29068

-28968

-28868

-28768

-28668

-28568

-28468

-28368

-28268

-28168

-28068

-27968

-27868

-27768

-27668

-27568

-27468

-27368

-27268

-27168

-27068

-26968

-26868

-26768

-26668

-26568

-26468

-26368

-26268

-26168

-26068

-25968

-25868

-25768

-25668

-25568

-25468

-25368

-25268

-25168

-25068

-24968

-24868

-24768

-24668

-24568

-24468

-24368

-24268

-24168

-24068

-23968

-23868

-23768

-23668

-23568

-23468

-23368

-23268

-23168

-23068

-22968

-22868

-22768

-22668

-22568

-22468

-22368

-22268

-22168

-22068

-21968

-21868

-21768

-21668

-21568

-21468

-21368

-21268

-21168

-21068

-20968

-20868

-20768

-20668

-20568

-20468

-20368

-20268

-20168

-20068

-19968

-19868

-19768

-19668

-19568

-19468

-19368

-19268

-19168

-19068

-18968

-18868

-18768

-18668

-18568

-18468

-18368

-18268

-18168

-18068

-17968

-17868

-17768

-17668

-17568

-17468

-17368

-17268

-17168

-17068

-16968

-16868

-16768

-32656

-32556

-32456

-32356

-32256

-32156

-32056

-31956

-31856

-31756

-31656

-31556

-31456

-31356

-31256

-31156

-31056

-30956

-30856

-30756

-30656

-30556

-30456

-30356

-30256

-30156

-30056

-29956

-29856

-29756

-29656

-29556

-29456

-29356

-29256

-29156

-29056

-28956

-28856

-28756

-28656

-28556

-28456

-28356

-28256

-28156

-28056

-27956

-27856

-27756

-27656

-27556

-27456

-27356

-27256

-27156

-27056

-26956

-26856

-26756

-26656

-26556

-26456

-26356

-26256

-26156

-26056

-25956

-25856

-25756

-25656

-25556

-25456

-25356

-25256

-25156

-25056

-24956

-24856

-24756

-24656

-24556

-24456

-24356

-24256

-24156

-24056

-23956

-23856

-23756

-23656

-23556

-23456

-23356

-23256

-23156

-23056

-22956

-22856

-22756

-22656

-22556

-22456

-22356

-22256

-22156

-22056

-21956

-21856

-21756

-21656

-21556

-21456

-21356

-21256

-21156

-21056

-20956

-20856

-20756

-20656

-20556

-20456

-20356

-20256

-20156

-20056

-19956

-19856

-19756

-19656

-19556

-19456

-19356

-19256

-19156

-19056

-18956

-18856

-18756

-18656

-18556

-18456

-18356

-18256

-18156

-18056

-17956

-17856

-17756

-17656

-17556

-17456

-17356

-17256

-17156

-17056

-16956

-16856

-16756

-16656

-16556

-16456

-16356

-16256

-16156

-16056

-15956

-15856

-15756

-15656

-15556

-15456

-15356

-15256

-15156

-15056

-14956

-14856

-14756

-14656

-14556

-14456

-14356

-14256

-14156

-14056

-13956

-13856

-13756

-13656

-13556

-13456

-13356

-13256

-13156

-13056

-12956

-12856

-12756

-12656

-12556

-12456

-12356

-12256

-12156

-12056

-11956

-11856

-11756

-11656

-11556

-11456

-11356

-11256

-11156

-11056

-10956

-10856

-10756

-10656

-10556

-10456

-10356

-10256

-10156

-10056

 -9956

 -9856

 -9756

 -9656

 -9556

 -9456

 -9356

 -9256

 -9156

 -9056

 -8956

 -8856

 -8756

 -8656

 -8556

 -8456

 -8356

 -8256

 -8156

 -8056

 -7956

 -7856

 -7756

 -7656

 -7556

 -7456

 -7356

 -7256

 -7156

 -7056

 -6956

 -6856

 -6756

 -6656

 -6556

 -6456

 -6356

 -6256

 -6156

 -6056

 -5956

 -5856

 -5756

 -5656

 -5556

 -5456

 -5356

 -5256

 -5156

 -5056

 -4956

 -4856

 -4756

 -4656

 -4556

 -4456

 -4356

 -4256

 -4156

 -4056

 -3956

 -3856

 -3756

 -3656

 -3556

 -3456

 -3356

 -3256

 -3156

 -3056

 -2956

 -2856

 -2756

 -2656

 -2556

 -2456

 -2356

 -2256

 -2156

 -2056

 -1956

 -1856

 -1756

 -1656

 -1556

 -1456

 -1356

 -1256

 -1156

 -1056

  -956

  -856

  -756

  -656

  -556

  -456

  -356

  -256

  -156

   -56

    44

   144

   244

   344

   444

   544

   644

   744

   844

   944

  1044

  1144

  1244

  1344

  1444

  1544

  1644

  1744

  1844

  1944

  2044

  2144

  2244

  2344

  2444

  2544

  2644

  2744

  2844

  2944

  3044

  3144

  3244

  3344

  3444

  3544

  3644

  3744

  3844

  3944

  4044

  4144

  4244

  4344

  4444

  4544

  4644

  4744

  4844

  4944

  5044

  5144

  5244

  5344

  5444

  5544

  5644

  5744

  5844

  5944

  6044

  6144

  6244

  6344

  6444

  6544

  6644

  6744

  6844

  6944

  7044

  7144

  7244

  7344

  7444

  7544

  7644

  7744

  7844

  7944

  8044

  8144

  8244

  8344

  8444

  8544

  8644

  8744

  8844

  8944

  9044

  9144

  9244

  9344

  9444

  9544

  9644

  9744

  9844

  9944

 10044

 10144

 10244

 10344

 10444

 10544

 10644

 10744

 10844

 10944

 11044

 11144

 11244

 11344

 11444

 11544

 11644

 11744

 11844

 11944

 12044

 12144

 12244

 12344

 12444

 12544

 12644

 12744

 12844

 12944

 13044

 13144

 13244

 13344

 13444

 13544

 13644

 13744

 13844

 13944

 14044

 14144

 14244

 14344

 14444

 14544

 14644

 14744

 14844

 14944

 15044

 15144

 15244

 15344

 15444

 15544

 15644

 15744

 15844

 15944

 16044

 16144

 16244

 16344

 16444

 16544

 16644

 16744

 16844

 16944

 17044

 17144

 17244

 17344

 17444

 17544

 17644

 17744

 17844

 17944

 18044

 18144

 18244

 18344

 18444

 18544

 18644

 18744

 18844

 18944

 19044

 19144

 19244

 19344

 19444

 19544

 19644

 19744

 19844

 19944

 20044

 20144

 20244

 20344

 20444

 20544

 20644

 20744

 20844

 20944

 21044

 21144

 21244

 21344

 21444

 21544

 21644

 21744

 21844

 21944

 22044

 22144

 22244

 22344

 22444

 22544

 22644

 22744

 22844

 22944

 23044

 23144

 23244

 23344

 23444

 23544

 23644

 23744

 23844

 23944

 24044

 24144

 24244

 24344

 24444

 24544

 24644

 24744

 24844

 24944

 25044

 25144

 25244

 25344

 25444

 25544

 25644

 25744

 25844

 25944

 26044

 26144

 26244

 26344

 26444

 26544

 26644

 26744

 26844

 26944

 27044

 27144

 27244

 27344

 27444

 27544

 27644

 27744

 27844

 27944

 28044

 28144

 28244

 28344

 28444

 28544

 28644

 28744

 28844

 28944

 29044

 29144

 29244

 29344

 29444

 29544

 29644

 29744

 29844

 29944

 30044

 30144

 30244

 30344

 30444

 30544

 30644

 30744

 30844

 30944

 31044

 31144

 31244

 31344

 31444

 31544

 31644

 31744

 31844

 31944

 32044

 32144

 32244

 32344

 32444

 32544

 32644

 32744

-32768

-32668

-32568

-32468

-32368

-32268

-32168

-32068

-31968

-31868

-31768

-31668

-31568

-31468

-31368

-31268

-31168

-31068

-30968

-30868

-30768

-30668

-30568

-30468

-30368

-30268

-30168

-30068

-29968

-29868

-29768

-29668

-29568

-29468

-29368

-29268

-29168

-29068

-28968

-28868

-28768

-28668

-28568

-28468

-28368

-28268

-28168

-28068

-27968

-27868

-27768

-27668

-27568

-27468

-27368

-27268

-27168

-27068

-26968

-26868

-26768

-26668

-26568

-26468

-26368

-26268

-26168

-26068

-25968

-25868

-25768

-25668

-25568

-25468

-25368

-25268

-25168

-25068

-24968

-24868

-24768

-24668

-24568

-24468

-24368

-24268

-24168

-24068

-23968

-23868

-23768

-23668

-23568

-23468

-23368

-23268

-23168

-23068

-22968

-22868

-22768

-22668

-22568

-22468

-22368

-22268

-22168

-22068

-21968

-21868

-21768

-21668

-21568

-21468

-21368

-21268

-21168

-21068

-20968

-20868

-20768

-20668

-20568

-20468

-20368

-20268

-20168

-20068

-19968

-19868

-19768

-19668

-19568

-19468

-19368

-19268

-19168

-19068

-18968

-18868

-18768

-18668

-18568

-18468

-18368

-18268

-18168

-18068

-17968

-17868

-17768

-17668

-17568

-17468

-17368

-17268

-17168

-17068

-16968

-16868

-16768

-16668

-16568

-16468

-16368

-16268

-16168

-16068

-15968

-15868

-15768

-15668

-15568

-15468

-15368

-15268

-15168

-15068

-14968

-14868

-14768

-14668

-14568

-14468

-14368

-14268

-14168

-14068

-13968

-13868

-13768

-13668

-13568

-13468

-13368

-13268

-13168

-13068

-12968

-12868

-12768

-12668

-12568

-12468

-12368

-12268

-12168

-12068

-11968

-11868

-11768

-11668

-11568

-11468

-11368

-11268

-11168

-11068

-10968

-10868

-10768

-10668

-10568

-10468

-10368

-10268

-10168

-10068

 -9968

 -9868

 -9768

 -9668

 -9568

 -9468

 -9368

 -9268

 -9168

 -9068

 -8968

 -8868

 -8768

 -8668

 -8568

 -8468

 -8368

 -8268

 -8168

 -8068

 -7968

 -7868

 -7768

 -7668

 -7568

 -7468

 -7368

 -7268

 -7168

 -7068

 -6968

 -6868

 -6768

 -6668

 -6568

 -6468

 -6368

 -6268

 -6168

 -6068

 -5968

 -5868

 -5768

 -5668

 -5568

 -5468

 -5368

 -5268

 -5168

 -5068

 -4968

 -4868

 -4768

 -4668

 -4568

 -4468

 -4368

 -4268

 -4168

 -4068

 -3968

 -3868

 -3768

 -3668

 -3568

 -3468

 -3368

 -3268

 -3168

 -3068

 -2968

 -2868

 -2768

 -2668

 -2568

 -2468

 -2368

 -2268

 -2168

 -2068

 -1968

 -1868

 -1768

 -1668

 -1568

 -1468

 -1368

 -1268

 -1168

 -1068

  -968

  -868

  -768

  -668

  -568

  -468

  -368

  -268

  -168

   -68

    32

   132

   232

   332

   432

   532

   632

   732

   832

   932

  1032

  1132

  1232

  1332

  1432

  1532

  1632

  1732

  1832

  1932

  2032

  2132

  2232

  2332

  2432

  2532

  2632

  2732

  2832

  2932

  3032

  3132

  3232

  3332

  3432

  3532

  3632

  3732

  3832

  3932

  4032

  4132

  4232

  4332

  4432

  4532

  4632

  4732

  4832

  4932

  5032

  5132

  5232

  5332

  5432

  5532

  5632

  5732

  5832

  5932

  6032

  6132

  6232

  6332

  6432

  6532

  6632

  6732

  6832

  6932

  7032

  7132

  7232

  7332

  7432

  7532

  7632

  7732

  7832

  7932

  8032

  8132

  8232

  8332

  8432

  8532

  8632

  8732

  8832

  8932

  9032

  9132

  9232

  9332

  9432

  9532

  9632

  9732

  9832

  9932

 10032

 10132

 10232

 10332

 10432

 10532

 10632

 10732

 10832

 10932

 11032

 11132

 11232

 11332

 11432

 11532

 11632

 11732

 11832

 11932

 12032

 12132

 12232

 12332

 12432

 12532

 12632

 12732

 12832

 12932

 13032

 13132

 13232

 13332

 13432

 13532

 13632

 13732

 13832

 13932

 14032

 14132

 14232

 14332

 14432

 14532

 14632

 14732

 14832

 14932

 15032

 15132

 15232

 15332

 15432

 15532

 15632

 15732

 15832

 15932

 16032

 16132

 16232

 16332

 16432

 16532

 16632

 16732

 16832

 16932

 17032

 17132

 17232

 17332

 17432

 17532

 17632

 17732

 17832

 17932

 18032

 18132

 18232

 18332

 18432

 18532

 18632

 18732

 18832

 18932

 19032

 19132

 19232

 19332

 19432

 19532

 19632

 19732

 19832

 19932

 20032

 20132

 20232

 20332

 20432

 20532

 20632

 20732

 20832

 20932

 21032

 21132

 21232

 21332

 21432

 21532

 21632

 21732

 21832

 21932

 22032

 22132

 22232

 22332

 22432

 22532

 22632

 22732

 22832

 22932

 23032

 23132

 23232

 23332

 23432

 23532

 23632

 23732

 23832

 23932

 24032

 24132

 24232

 24332

 24432

 24532

 24632

 24732

 24832

 24932

 25032

 25132

 25232

 25332

 25432

 25532

 25632

 25732

 25832

 25932

 26032

 26132

 26232

 26332

 26432

 26532

 26632

 26732

 26832

 26932

 27032

 27132

 27232

 27332

 27432

 27532

 27632

 27732

 27832

 27932

 28032

 28132

 28232

 28332

 28432

 28532

 28632

 28732

 28832

 28932

 29032

 29132

 29232

 29332

 29432

 29532

 29632

 29732

 29832

 29932

 30032

 30132

 30232

 30332

 30432

 30532

 30632

 30732

 30832

 30932

 31032

 31132

 31232

 31332

 31432

 31532

 31632

 31732

 31832

 31932

 32032

 32132

 32232

 32332

 32432

 32532

 32632

 32732

-32768

-32668

-32568

-32468

-32368

-32268

-32168

-32068

-31968

-31868

-31768

-31668

-31568

-31468

-31368

-31268

-31168

-31068

-30968

-30868

-30768

-30668

-30568

-30468

-30368

-30268

-30168

-30068

-29968

-29868

-29768

-29668

-29568

-29468

-29368

-29268

-29168

-29068

-28968

-28868

-28768

-28668

-28568

-28468

-28368

-28268

-28168

-28068

-27968

-27868

-27768

-27668

-27568

-27468

-27368

-27268

-27168

-27068

-26968

-26868

-26768

-26668

-26568

-26468

-26368

-26268

-26168

-26068

-25968

-25868

-25768

-25668

-25568

-25468

-25368

-25268

-25168

-25068

-24968

-24868

-24768

-24668

-24568

-24468

-24368

-24268

-24168

-24068

-23968

-23868

-23768

-23668

-23568

-23468

-23368

-23268

-23168

-23068

-22968

-22868

-22768

-22668

-22568

-22468

-22368

-22268

-22168

-22068

-21968

-21868

-21768

-21668

-21568

-21468

-21368

-21268

-21168

-21068

-20968

-20868

-20768

-20668

-20568

-20468

-20368

-20268

-20168

-20068

-19968

-19868

-19768

-19668

-19568

-19468

-19368

-19268

-19168

-19068

-18968

-18868

-18768

-18668

-18568

-18468

-18368

-18268

-18168

-18068

-17968

-17868

-17768

-17668

-17568

-17468

-17368

-17268

-17168

-17068

-16968

-16868

-16768

-16668

-16568

-16468

-16368

-16268

-16168

-16068

-15968

-15868

-15768

-15668

-15568

-15468

-15368

-15268

-15168

-15068

-14968

-14868

-14768

-14668

-14568

-14468

-14368

-14268

-14168

-14068

-13968

-13868

-13768

-13668

-13568

-13468

-13368

-13268

-13168

-13068

-12968

-12868

-12768

-12668

-12568

-12468

-12368

-12268

-12168

-12068

-11968

-11868

-11768

-11668

-11568

-11468

-11368

-11268

-11168

-11068

-10968

-10868

-10768

-10668

-10568

-10468

-10368

-10268

-10168

-10068

 -9968

 -9868

 -9768

 -9668

 -9568

 -9468

 -9368

 -9268

 -9168

 -9068

 -8968

 -8868

 -8768

 -8668

 -8568

 -8468

 -8368

 -8268

 -8168

 -8068

 -7968

 -7868

 -7768

 -7668

 -7568

 -7468

 -7368

 -7268

 -7168

 -7068

 -6968

 -6868

 -6768

 -6668

 -6568

 -6468

 -6368

 -6268

 -6168

 -6068

 -5968

 -5868

 -5768

 -5668

 -5568

 -5468

 -5368

 -5268

 -5168

 -5068

 -4968

 -4868

 -4768

 -4668

 -4568

 -4468

 -4368

 -4268

 -4168

 -4068

 -3968

 -3868

 -3768

 -3668

 -3568

 -3468

 -3368

 -3268

 -3168

 -3068

 -2968

 -2868

 -2768

 -2668

 -2568

 -2468

 -2368

 -2268

 -2168

 -2068

 -1968

 -1868

 -1768

 -1668

 -1568

 -1468

 -1368

 -1268

 -1168

 -1068

  -968

  -868

  -768

  -668

  -568

  -468

  -368

  -268

  -168

   -68

    32

   132

   232

   332

   432

   532

   632

   732

   832

   932

  1032

  1132

  1232

  1332

  1432

  1532

  1632

  1732

  1832

  1932

  2032

  2132

  2232

  2332

  2432

  2532

  2632

  2732

  2832

  2932

  3032

  3132

  3232

  3332

  3432

  3532

  3632

  3732

  3832

  3932

  4032

  4132

  4232

  4332

  4432

  4532

  4632

  4732

  4832

  4932

  5032

  5132

  5232

  5332

  5432

  5532

  5632

  5732

  5832

  5932

  6032

  6132

  6232

  6332

  6432

  6532

  6632

  6732

  6832

  6932

  7032

  7132

  7232

  7332

  7432

  7532

  7632

  7732

  7832

  7932

  8032

  8132

  8232

  8332

  8432

  8532

  8632

  8732

  8832

  8932

  9032

  9132

  9232

  9332

  9432

  9532

  9632

  9732

  9832

  9932

 10032

 10132

 10232

 10332

 10432

 10532

 10632

 10732

 10832

 10932

 11032

 11132

 11232

 11332

 11432

 11532

 11632

 11732

 11832

 11932

 12032

 12132

 12232

 12332

 12432

 12532

 12632

 12732

 12832

 12932

 13032

 13132

 13232

 13332

 13432

 13532

 13632

 13732

 13832

 13932

 14032

 14132

 14232

 14332

 14432

 14532

 14632

 14732

 14832

 14932

 15032

 15132

 15232

 15332

 15432

 15532

 15632

 15732

 15832

 15932

 16032

 16132

 16232

 16332

 16432

 16532

 16632

 16732

 16832

 16932

 17032

 17132

 17232

 17332

 17432

 17532

 17632

 17732

 17832

 17932

 18032

 18132

 18232

 18332

 18432

 18532

 18632

 18732

 18832

 18932

 19032

 19132

 19232

 19332

 19432

 19532

 19632

 19732

 19832

 19932

 20032

 20132

 20232

 20332

 20432

 20532

 20632

 20732

 20832

 20932

 21032

 21132

 21232

 21332

 21432

 21532

 21632

 21732

 21832

 21932

 22032

 22132

 22232

 22332

 22432

 22532

 22632

 22732

 22832

 22932

 23032

 23132

 23232

 23332

 23432

 23532

 23632

 23732

 23832

 23932

 24032

 24132

 24232

 24332

 24432

 24532

 24632

 24732

 24832

 24932

 25032

 25132

 25232

 25332

 25432

 25532

 25632

 25732

 25832

 25932

 26032

 26132

 26232

 26332

 26432

 26532

 26632

 26732

 26832

 26932

 27032

 27132

 27232

 27332

 27432

 27532

 27632

 27732

 27832

 27932

 28032

 28132

 28232

 28332

 28432

 28532

 28632

 28732

 28832

 28932

 29032

 29132

 29232

 29332

 29432

 29532

 29632

 29732

 29832

 29932

 30032

 30132

 30232

 30332

 30432

 30532

 30632

 30732

 30832

 30932

 31032

 31132

 31232

 31332

 31432

 31532

 31632

 31732

 31832

 31932

 32032

 32132

 32232

 32332

 32432

 32532

 32632

 32732

-32768

-32668

-32568

-32468

-32368

-32268

-32168

-32068

-31968

-31868

-31768

-31668

-31568

-31468

-31368

-31268

-31168

-31068

-30968

-30868

-30768

-30668

-30568

-30468

-30368

-30268

-30168

-30068

-29968

-29868

-29768

-29668

-29568

-29468

-29368

-29268

-29168

-29068

-28968

-28868

-28768

-28668

-28568

-28468

-28368

-28268

-28168

-28068

-27968

-27868

-27768

-27668

-27568

-27468

-27368

-27268

-27168

-27068

-26968

-26868

-26768

-26668

-26568

-26468

-26368

-26268

-26168

-26068

-25968

-25868

-25768

-25668

-25568

-25468

-25368

-25268

-25168

-25068

-24968

-24868

-24768

-24668

-24568

-24468

-24368

-24268

-24168

-24068

-23968

-23868

-23768

-23668

-23568

-23468

-23368

-23268

-23168

-23068

-22968

-22868

-22768

-22668

-22568

-22468

-22368

-22268

-22168

-22068

-21968

-21868

-21768

-21668

-21568

-21468

-21368

-21268

-21168

-21068

-20968

-20868

-20768

-20668

-20568

-20468

-20368

-20268

-20168

-20068

-19968

-19868

-19768

-19668

-19568

-19468

-19368

-19268

-19168

-19068

-18968

-18868

-18768

-18668

-18568

-18468

-18368

-18268

-18168

-18068

-17968

-17868

-17768

-17668

-17568

-17468

-17368

-17268

-17168

-17068

-16968

-16868

-16768

-16668

-16568

-16468

-16368

-16268

-16168

-16068

-15968

-15868

-15768

-15668

-15568

-15468

-15368

-15268

-15168

-15068

-14968

-14868

-14768

-14668

-14568

-14468

-14368

-14268

-14168

-14068

-13968

-13868

-13768

-13668

-13568

-13468

-13368

-13268

-13168

-13068

-12968

-12868

-12768

-12668

-12568

-12468

-12368

-12268

-12168

-12068

-11968

-11868

-11768

-11668

-11568

-11468

-11368

-11268

-11168

-11068

-10968

-10868

-10768

-10668

-10568

-10468

-10368

-10268

-10168

-10068

 -9968

 -9868

 -9768

 -9668

 -9568

 -9468

 -9368

 -9268

 -9168

 -9068

 -8968

 -8868

 -8768

 -8668

 -8568

 -8468

 -8368

 -8268

 -8168

 -8068

 -7968

 -7868

 -7768

 -7668

 -7568

 -7468

 -7368

 -7268

 -7168

 -7068

 -6968

 -6868

 -6768

 -6668

 -6568

 -6468

 -6368

 -6268

 -6168

 -6068

 -5968

 -5868

 -5768

 -5668

 -5568

 -5468

 -5368

 -5268

 -5168

 -5068

 -4968

 -4868

 -4768

 -4668

 -4568

 -4468

 -4368

 -4268

 -4168

 -4068

 -3968

 -3868

 -3768

 -3668

 -3568

 -3468

 -3368

 -3268

 -3168

 -3068

 -2968

 -2868

 -2768

 -2668

 -2568

 -2468

 -2368

 -2268

 -2168

 -2068

 -1968

 -1868

 -1768

 -1668

 -1568

 -1468

 -1368

 -1268

 -1168

 -1068

  -968

  -868

  -768

  -668

  -568

  -468

  -368

  -268

  -168

   -68

    32

   132

   232

   332

   432

   532

   632

   732

   832

   932

  1032

  1132

  1232

  1332

  1432

  1532

  1632

  1732

  1832

  1932

  2032

  2132

  2232

  2332

  2432

  2532

  2632

  2732

  2832

  2932

  3032

  3132

  3232

  3332

  3432

  3532

  3632

  3732

  3832

  3932

  4032

  4132

  4232

  4332

  4432

  4532

  4632

  4732

  4832

  4932

  5032

  5132

  5232

  5332

  5432

  5532

  5632

  5732

  5832

  5932

  6032

  6132

  6232

  6332

  6432

  6532

  6632

  6732

  6832

  6932

  7032

  7132

  7232

  7332

  7432

  7532

  7632

  7732

  7832

  7932

  8032

  8132

  8232

  8332

  8432

  8532

  8632

  8732

  8832

  8932

  9032

  9132

  9232

  9332

  9432

  9532

  9632

  9732

  9832

  9932

 10032

 10132

 10232

 10332

 10432

 10532

 10632

 10732

 10832

 10932

 11032

 11132

 11232

 11332

 11432

 11532

 11632

 11732

 11832

 11932

 12032

 12132

 12232

 12332

 12432

 12532

 12632

 12732

 12832

 12932

 13032

 13132

 13232

 13332

 13432

 13532

 13632

 13732

 13832

 13932

 14032

 14132

 14232

 14332

 14432

 14532

 14632

 14732

 14832

 14932

 15032

 15132

 15232

 15332

 15432

 15532

 15632

 15732

 15832

 15932

 16032

 16132

 16232

 16332

 16432

 16532

 16632

 16732

 16832

 16932

 17032

 17132

 17232

 17332

 17432

 17532

 17632

 17732

 17832

 17932

 18032

 18132

 18232

 18332

 18432

 18532

 18632

 18732

 18832

 18932

 19032

 19132

 19232

 19332

 19432

 19532

 19632

 19732

 19832

 19932

 20032

 20132

 20232

 20332

 20432

 20532

 20632

 20732

 20832

 20932

 21032

 21132

 21232

 21332

 21432

 21532

 21632

 21732

 21832

 21932

 22032

 22132

 22232

 22332

 22432

 22532

 22632

 22732

 22832

 22932

 23032

 23132

 23232

 23332

 23432

 23532

 23632

 23732

 23832

 23932

 24032

 24132

 24232

 24332

 24432

 24532

 24632

 24732

 24832

 24932

 25032

 25132

 25232

 25332

 25432

 25532

 25632

 25732

 25832

 25932

 26032

 26132

 26232

 26332

 26432

 26532

 26632

 26732

 26832

 26932

 27032

 27132

 27232

 27332

 27432

 27532

 27632

 27732

 27832

 27932

 28032

 28132

 28232

 28332

 28432

 28532

 28632

 28732

 28832

 28932

 29032

 29132

 29232

 29332

 29432

 29532

 29632

 29732

 29832

 29932

 30032

 30132

 30232

 30332

 30432

 30532

 30632

 30732

 30832

 30932

 31032

 31132

 31232

 31332

 31432

 31532

 31632

 31732

 31832

 31932

 32032

 32132

 32232

 32332

 32432

 32532

 32632

 32732

-32768

-32668

-32568

-32468

-32368

-32268

-32168

-32068

-31968

-31868

-31768

-31668

-31568

-31468

-31368

-31268

-31168

-31068

-30968

-30868

-30768

-30668

-30568

-30468

-30368

-30268

-30168

-30068

-29968

-29868

-29768

-29668

-29568

-29468

-29368

-29268

-29168

-29068

-28968

-28868

-28768

-28668

-28568

-28468

-28368

-28268

-28168

-28068

-27968

-27868

-27768

-27668

-27568

-27468

-27368

-27268

-27168

-27068

-26968

-26868

-26768

-26668

-26568

-26468

-26368

-26268

-26168

-26068

-25968

-25868

-25768

-25668

-25568

-25468

-25368

-25268

-25168

-25068

-24968

-24868

-24768

-24668

-24568

-24468

-24368

-24268

-24168

-24068

-23968

-23868

-23768

-23668

-23568

-23468

-23368

-23268

-23168

-23068

-22968

-22868

-22768

-22668

-22568

-22468

-22368

-22268

-22168

-22068

-21968

-21868

-21768

-21668

-21568

-21468

-21368

-21268

-21168

-21068

-20968

-20868

-20768

-20668

-20568

-20468

-20368

-20268

-20168

-20068

-19968

-19868

-19768

-19668

-19568

-19468

-19368

-19268

-19168

-19068

-18968

-18868

-18768

-18668

-18568

-18468

-18368

-18268

-18168

-18068

-17968

-17868

-17768

-17668

-17568

-17468

-17368

-17268

-17168

-17068

-16968

-16868

-16768

-16668

-16568

-16468

-16368

-16268

-16168

-16068

-15968

-15868

-15768

-15668

-15568

-15468

-15368

-15268

-15168

-15068

-14968

-14868

-14768

-14668

-14568

-14468

-14368

-14268

-14168

-14068

-13968

-13868

-13768

-13668

-13568

-13468

-13368

-13268

-13168

-13068

-12968

-12868

-12768

-12668

-12568

-12468

-12368

-12268

-12168

-12068

-11968

-11868

-11768

-11668

-11568

-11468

-11368

-11268

-11168

-11068

-10968

-10868

-10768

-10668

-10568

-10468

-10368

-10268

-10168

-10068

 -9968

 -9868

 -9768

 -9668

 -9568

 -9468

 -9368

 -9268

 -9168

 -9068

 -8968

 -8868

 -8768

 -8668

 -8568

 -8468

 -8368

 -8268

 -8168

 -8068

 -7968

 -7868

 -7768

 -7668

 -7568

 -7468

 -7368

 -7268

 -7168

 -7068

 -6968

 -6868

 -6768

 -6668

 -6568

 -6468

 -6368

 -6268

 -6168

 -6068

 -5968

 -5868

 -5768

 -5668

 -5568

 -5468

 -5368

 -5268

 -5168

 -5068

 -4968

 -4868

 -4768

 -4668

 -4568

 -4468

 -4368

 -4268

 -4168

 -4068

 -3968

 -3868

 -3768

 -3668

 -3568

 -3468

 -3368

 -3268

 -3168

 -3068

 -2968

 -2868

 -2768

 -2668

 -2568

 -2468

 -2368

 -2268

 -2168

 -2068

 -1968

 -1868

 -1768

 -1668

 -1568

 -1468

 -1368

 -1268

 -1168

 -1068

  -968

  -868

  -768

  -668

  -568

  -468

  -368

  -268

  -168

   -68

    32

   132

   232

   332

   432

   532

   632

   732

   832

   932

  1032

  1132

  1232

  1332

  1432

  1532

  1632

  1732

  1832

  1932

  2032

  2132

  2232

  2332

  2432

  2532

  2632

  2732

  2832

  2932

  3032

  3132

  3232

  3332

  3432

  3532

  3632

  3732

  3832

  3932

  4032

  4132

  4232

  4332

  4432

  4532

  4632

  4732

  4832

  4932

  5032

  5132

  5232

  5332

  5432

  5532

  5632

  5732

  5832

  5932

  6032

  6132

  6232

  6332

  6432

  6532

  6632

  6732

  6832

  6932

  7032

  7132

  7232

  7332

  7432

  7532

  7632

  7732

  7832

  7932

  8032

  8132

  8232

  8332

  8432

  8532

  8632

  8732

  8832

  8932

  9032

  9132

  9232

  9332

  9432

  9532

  9632

  9732

  9832

  9932

 10032

 10132

 10232

 10332

 10432

 10532

 10632

 10732

 10832

 10932

 11032

 11132

 11232

 11332

 11432

 11532

 11632

 11732

 11832

 11932

 12032

 12132

 12232

 12332

 12432

 12532

 12632

 12732

 12832

 12932

 13032

 13132

 13232

 13332

 13432

 13532

 13632

 13732

 13832

 13932

 14032

 14132

 14232

 14332

 14432

 14532

 14632

 14732

 14832

 14932

 15032

 15132

 15232

 15332

 15432

 15532

 15632

 15732

 15832

 15932

 16032

 16132

 16232

 16332

 16432

 16532

 16632

 16732

 16832

 16932

 17032

 17132

 17232

 17332

 17432

 17532

 17632

 17732

 17832

 17932

 18032

 18132

 18232

 18332

 18432

 18532

 18632

 18732

 18832

 18932

 19032

 19132

 19232

 19332

 19432

 19532

 19632

 19732

 19832

 19932

 20032

 20132

 20232

 20332

 20432

 20532

 20632

 20732

 20832

 20932

 21032

 21132

 21232

 21332

 21432

 21532

 21632

 21732

 21832

 21932

 22032

 22132

 22232

 22332

 22432

 22532

 22632

 22732

 22832

 22932

 23032

 23132

 23232

 23332

 23432

 23532

 23632

 23732

 23832

 23932

 24032

 24132

 24232

 24332

 24432

 24532

 24632

 24732

 24832

 24932

 25032

 25132

 25232

 25332

 25432

 25532

 25632

 25732

 25832

 25932

 26032

 26132

 26232

 26332

 26432

 26532

 26632

 26732

 26832

 26932

 27032

 27132

 27232

 27332

 27432

 27532

 27632

 27732

 27832

 27932

 28032

 28132

 28232

 28332

 28432

 28532

 28632

 28732

 28832

 28932

 29032

 29132

 29232

 29332

 29432

 29532

 29632

 29732

 29832

 29932

 30032

 30132

 30232

 30332

 30432

 30532

 30632

 30732

 30832

 30932

 31032

 31132

 31232

 31332

 31432

 31532

 31632

 31732

 31832

 31932

 32032

 32132

 32232

 32332

 32432

 32532

 32632

 32732

-32768

-32668

-32568

-32468

-32368

-32268

-32168

-32068

-31968

-31868

-31768

-31668

-31568

-31468

-31368

-31268

-31168

-31068

-30968

-30868

-30768

-30668

-30568

-30468

-30368

-30268

-30168

-30068

-29968

-29868

-29768

-29668

-29568

-29468

-29368

-29268

-29168

-29068

-28968

-28868

-28768

-28668

-28568

-28468

-28368

-28268

-28168

-28068

-27968

-27868

-27768

-27668

-27568

-27468

-27368

-27268

-27168

-27068

-26968

-26868

-26768

-26668

-26568

-26468

-26368

-26268

-26168

-26068

-25968

-25868

-25768

-25668

-25568

-25468

-25368

-25268

-25168

-25068

-24968

-24868

-24768

-24668

-24568

-24468

-24368

-24268

-24168

-24068

-23968

-23868

-23768

-23668

-23568

-23468

-23368

-23268

-23168

-23068

-22968

-22868

-22768

-22668

-22568

-22468

-22368

-22268

-22168

-22068

-21968

-21868

-21768

-21668

-21568

-21468

-21368

-21268

-21168

-21068

-20968

-20868

-20768

-20668

-20568

-20468

-20368

-20268

-20168

-20068

-19968

-19868

-19768

-19668

-19568

-19468

-19368

-19268

-19168

-19068

-18968

-18868

-18768

-18668

-18568

-18468

-18368

-18268

-18168

-18068

-17968

-17868

-17768

-17668

-17568

-17468

-17368

-17268

-17168

-17068

-16968

-16868

-16768

-16668

-16568

-16468

-16368

-16268

-16168

-16068

-15968

-15868

-15768

-15668

-15568

-15468

-15368

-15268

-15168

-15068

-14968

-14868

-14768

-14668

-14568

-14468

-14368

-14268

-14168

-14068

-13968

-13868

-13768

-13668

-13568

-13468

-13368

-13268

-13168

-13068

-12968

-12868

-12768

-12668

-12568

-12468

-12368

-12268

-12168

-12068

-11968

-11868

-11768

-11668

-11568

-11468

-11368

-11268

-11168

-11068

-10968

-10868

-10768

-10668

-10568

-10468

-10368

-10268

-10168

-10068

 -9968

 -9868

 -9768

 -9668

 -9568

 -9468

 -9368

 -9268

 -9168

 -9068

 -8968

 -8868

 -8768

 -8668

 -8568

 -8468

 -8368

 -8268

 -8168

 -8068

 -7968

 -7868

 -7768

 -7668

 -7568

 -7468

 -7368

 -7268

 -7168

 -7068

 -6968

 -6868

 -6768

 -6668

 -6568

 -6468

 -6368

 -6268

 -6168

 -6068

 -5968

 -5868

 -5768

 -5668

 -5568

 -5468

 -5368

 -5268

 -5168

 -5068

 -4968

 -4868

 -4768

 -4668

 -4568

 -4468

 -4368

 -4268

 -4168

 -4068

 -3968

 -3868

 -3768

 -3668

 -3568

 -3468

 -3368

 -3268

 -3168

 -3068

 -2968

 -2868

 -2768

 -2668

 -2568

 -2468

 -2368

 -2268

 -2168

 -2068

 -1968

 -1868

 -1768

 -1668

 -1568

 -1468

 -1368

 -1268

 -1168

 -1068

  -968

  -868

  -768

  -668

  -568

  -468

  -368

  -268

  -168

   -68

    32

   132

   232

   332

   432

   532

   632

   732

   832

   932

  1032

  1132

  1232

  1332

  1432

  1532

  1632

  1732

  1832

  1932

  2032

  2132

  2232

  2332

  2432

  2532

  2632

  2732

  2832

  2932

  3032

  3132

  3232

  3332

  3432

  3532

  3632

  3732

  3832

  3932

  4032

  4132

  4232

  4332

  4432

  4532

  4632

  4732

  4832

  4932

  5032

  5132

  5232

  5332

  5432

  5532

  5632

  5732

  5832

  5932

  6032

  6132

  6232

  6332

  6432

  6532

  6632

  6732

  6832

  6932

  7032

  7132

  7232

  7332

  7432

  7532

  7632

  7732

  7832

  7932

  8032

  8132

  8232

  8332

  8432

  8532

  8632

  8732

  8832

  8932

  9032

  9132

  9232

  9332

  9432

  9532

  9632

  9732

  9832

  9932

 10032

 10132

 10232

 10332

 10432

 10532

 10632

 10732

 10832

 10932

 11032

 11132

 11232

 11332

 11432

 11532

 11632

 11732

 11832

 11932

 12032

 12132

 12232

 12332

 12432

 12532

 12632

 12732

 12832

 12932

 13032

 13132

 13232

 13332

 13432

 13532

 13632

 13732

 13832

 13932

 14032

 14132

 14232

 14332

 14432

 14532

 14632

 14732

 14832

 14932

 15032

 15132

 15232

 15332

 15432

 15532

 15632

 15732

 15832

 15932

 16032

 16132

 16232

 16332

 16432

 16532

 16632

 16732

 16832

 16932

 17032

 17132

 17232

 17332

 17432

 17532

 17632

 17732

 17832

 17932

 18032

 18132

 18232

 18332

 18432

 18532

 18632

 18732

 18832

 18932

 19032

 19132

 19232

 19332

 19432

 19532

 19632

 19732

 19832

 19932

 20032

 20132

 20232

 20332

 20432

 20532

 20632

 20732

 20832

 20932

 21032

 21132

 21232

 21332

 21432

 21532

 21632

 21732

 21832

 21932

 22032

 22132

 22232

 22332

 22432

 22532

 22632

 22732

 22832

 22932

 23032

 23132

 23232

 23332

 23432

 23532

 23632

 23732

 23832

 23932

 24032

 24132

 24232

 24332

 24432

 24532

 24632

 24732

 24832

 24932

 25032

 25132

 25232

 25332

 25432

 25532

 25632

 25732

 25832

 25932

 26032

 26132

 26232

 26332

 26432

 26532

 26632

 26732

 26832

 26932

 27032

 27132

 27232

 27332

 27432

 27532

 27632

 27732

 27832

 27932

 28032

 28132

 28232

 28332

 28432

 28532

 28632

 28732

 28832

 28932

 29032

 29132

 29232

 29332

 29432

 29532

 29632

 29732

 29832

 29932

 30032

 30132

 30232

 30332

 30432

 30532

 30632

 30732

 30832

 30932

 31032

 31132

 31232

 31332

 31432

 31532

 31632

 31732

 31832

 31932

 32032

 32132

 32232

 32332

 32432

 32532

 32632

 32732

-32768

-32668

-32568

-32468

-32368

-32268

-32168

-32068

-31968

-31868

-31768

-31668

-31568

-31468

-31368

-31268

-31168

-31068

-30968

-30868

-30768

-30668

-30568

-30468

-30368

-30268

-30168

-30068

-29968

-29868

-29768

-29668

-29568

-29468

-29368

-29268

-29168

-29068

-28968

-28868

-28768

-28668

-28568

-28468

-28368

-28268

-28168

-28068

-27968

-27868

-27768

-27668

-27568

-27468

-27368

-27268

-27168

-27068

-26968

-26868

-26768

-26668

-26568

-26468

-26368

-26268

-26168

-26068

-25968

-25868

-25768

-25668

-25568

-25468

-25368

-25268

-25168

-25068

-24968

-24868

-24768

-24668

-24568

-24468

-24368

-24268

-24168

-24068

-23968

-23868

-23768

-23668

-23568

-23468

-23368

-23268

-23168

-23068

-22968

-22868

-22768

-22668

-22568

-22468

-22368

-22268

-22168

-22068

-21968

-21868

-21768

-21668

-21568

-21468

-21368

-21268

-21168

-21068

-20968

-20868

-20768

-20668

-20568

-20468

-20368

-20268

-20168

-20068

-19968

-19868

-19768

-19668

-19568

-19468

-19368

-19268

-19168

-19068

-18968

-18868

-18768

-18668

-18568

-18468

-18368

-18268

-18168

-18068

-17968

-17868

-17768

-17668

-17568

-17468

-17368

-17268

-17168

-17068

-16968

-16868

-16768

-16668

-16568

-16468

-16368

-16268

-16168

-16068

-15968

-15868

-15768

-15668

-15568

-15468

-15368

-15268

-15168

-15068

-14968

-14868

-14768

-14668

-14568

-14468

-14368

-14268

-14168

-14068

-13968

-13868

-13768

-13668

-13568

-13468

-13368

-13268

-13168

-13068

-12968

-12868

-12768

-12668

-12568

-12468

-12368

-12268

-12168

-12068

-11968

-11868

-11768

-11668

-11568

-11468

-11368

-11268

-11168

-11068

-10968

-10868

-10768

-10668

-10568

-10468

-10368

-10268

-10168

-10068

 -9968

 -9868

 -9768

 -9668

 -9568

 -9468

 -9368

 -9268

 -9168

 -9068

 -8968

 -8868

 -8768

 -8668

 -8568

 -8468

 -8368

 -8268

 -8168

 -8068

 -7968

 -7868

 -7768

 -7668

 -7568

 -7468

 -7368

 -7268

 -7168

 -7068

 -6968

 -6868

 -6768

 -6668

 -6568

 -6468

 -6368

 -6268

 -6168

 -6068

 -5968

 -5868

 -5768

 -5668

 -5568

 -5468

 -5368

 -5268

 -5168

 -5068

 -4968

 -4868

 -4768

 -4668

 -4568

 -4468

 -4368

 -4268

 -4168

 -4068

 -3968

 -3868

 -3768

 -3668

 -3568

 -3468

 -3368

 -3268

 -3168

 -3068

 -2968

 -2868

 -2768

 -2668

 -2568

 -2468

 -2368

 -2268

 -2168

 -2068

 -1968

 -1868

 -1768

 -1668

 -1568

 -1468

 -1368

 -1268

 -1168

 -1068

  -968

  -868

  -768

  -668

  -568

  -468

  -368

  -268

  -168

   -68

    32

   132

   232

   332

   432

   532

   632

   732

   832

   932

  1032

  1132

  1232

  1332

  1432

  1532

  1632

  1732

  1832

  1932

  2032

  2132

  2232

  2332

  2432

  2532

  2632

  2732

  2832

  2932

  3032

  3132

  3232

  3332

  3432

  3532

  3632

  3732

  3832

  3932

  4032

  4132

  4232

  4332

  4432

  4532

  4632

  4732

  4832

  4932

  5032

  5132

  5232

  5332

  5432

  5532

  5632

  5732

  5832

  5932

  6032

  6132

  6232

  6332

  6432

  6532

  6632

  6732

  6832

  6932

  7032

  7132

  7232

  7332

  7432

  7532

  7632

  7732

  7832

  7932

  8032

  8132

  8232

  8332

  8432

  8532

  8632

  8732

  8832

  8932

  9032

  9132

  9232

  9332

  9432

  9532

  9632

  9732

  9832

  9932

 10032

 10132

 10232

 10332

 10432

 10532

 10632

 10732

 10832

 10932

 11032

 11132

 11232

 11332

 11432

 11532

 11632

 11732

 11832

 11932

 12032

 12132

 12232

 12332

 12432

 12532

 12632

 12732

 12832

 12932

 13032

 13132

 13232

 13332

 13432

 13532

 13632

 13732

 13832

 13932

 14032

 14132

 14232

 14332

 14432

 14532

 14632

 14732

 14832

 14932

 15032

 15132

 15232

 15332

 15432

 15532

 15632

 15732

 15832

 15932

 16032

 16132

 16232

 16332

 16432

 16532

 16632

 16732

 16832

 16932

 17032

 17132

 17232

 17332

 17432

 17532

 17632

 17732

 17832

 17932

 18032

 18132

 18232

 18332

 18432

 18532

 18632

 18732

 18832

 18932

 19032

 19132

 19232

 19332

 19432

 19532

 19632

 19732

 19832

 19932

 20032

 20132

 20232

 20332

 20432

 20532

 20632

 20732

 20832

 20932

 21032

 21132

 21232

 21332

 21432

 21532

 21632

 21732

 21832

 21932

 22032

 22132

 22232

 22332

 22432

 22532

 22632

 22732

 22832

 22932

 23032

 23132

 23232

 23332

 23432

 23532

 23632

 23732

 23832

 23932

 24032

 24132

 24232

 24332

 24432

 24532

 24632

 24732

 24832

 24932

 25032

 25132

 25232

 25332

 25432

 25532

 25632

 25732

 25832

 25932

 26032

 26132

 26232

 26332

 26432

 26532

 26632

 26732

 26832

 26932

 27032

 27132

 27232

 27332

 27432

 27532

 27632

 27732

 27832

 27932

 28032

 28132

 28232

 28332

 28432

 28532

 28632

 28732

 28832

 28932

 29032

 29132

 29232

 29332

 29432

 29532

 29632

 29732

 29832

 29932

 30032

 30132

 30232

 30332

 30432

 30532

 30632

 30732

 30832

 30932

 31032

 31132

 31232

 31332

 31432

 31532

 31632

 31732

 31832

 31932

 32032

 32132

 32232

 32332

 32432

 32532

 32632

 32732

-32768

-32668

-32568

-32468

-32368

-32268

-32168

-32068

-31968

-31868

-31768

-31668

-31568

-31468

-31368

-31268

-31168

-31068

-30968

-30868

-30768

-30668

-30568

-30468

-30368

-30268

-30168

-30068

-29968

-29868

-29768

-29668

-29568

-29468

-29368

-29268

-29168

-29068

-28968

-28868

-28768

-28668

-28568

-28468

-28368

-28268

-28168

-28068

-27968

-27868

-27768

-27668

-27568

-27468

-27368

-27268

-27168

-27068

-26968

-26868

-26768

-26668

-26568

-26468

-26368

-26268

-26168

-26068

-25968

-25868

-25768

-25668

-25568

-25468

-25368

-25268

-25168

-25068

-24968

-24868

-24768

-24668

-24568

-24468

-24368

-24268

-24168

-24068

-23968

-23868

-23768

-23668

-23568

-23468

-23368

-23268

-23168

-23068

-22968

-22868

-22768

-22668

-22568

-22468

-22368

-22268

-22168

-22068

-21968

-21868

-21768

-21668

-21568

-21468

-21368

-21268

-21168

-21068

-20968

-20868

-20768

-20668

-20568

-20468

-20368

-20268

-20168

-20068

-19968

-19868

-19768

-19668

-19568

-19468

-19368

-19268

-19168

-19068

-18968

-18868

-18768

-18668

-18568

-18468

-18368

-18268

-18168

-18068

-17968

-17868

-17768

-17668

-17568

-17468

-17368

-17268

-17168

-17068

-16968

-16868

-16768

-16668

-16568

-16468

-16368

-16268

-16168

-16068

-15968

-15868

-15768

-15668

-15568

-15468

-15368

-15268

-15168

-15068

-14968

-14868

-14768

-14668

-14568

-14468

-14368

-14268

-14168

-14068

-13968

-13868

-13768

-13668

-13568

-13468

-13368

-13268

-13168

-13068

-12968

-12868

-12768

-12668

-12568

-12468

-12368

-12268

-12168

-12068

-11968

-11868

-11768

-11668

-11568

-11468

-11368

-11268

-11168

-11068

-10968

-10868

-10768

-10668

-10568

-10468

-10368

-10268

-10168

-10068

 -9968

 -9868

 -9768

 -9668

 -9568

 -9468

 -9368

 -9268

 -9168

 -9068

 -8968

 -8868

 -8768

 -8668

 -8568

 -8468

 -8368

 -8268

 -8168

 -8068

 -7968

 -7868

 -7768

 -7668

 -7568

 -7468

 -7368

 -7268

 -7168

 -7068

 -6968

 -6868

 -6768

 -6668

 -6568

 -6468

 -6368

 -6268

 -6168

 -6068

 -5968

 -5868

 -5768

 -5668

 -5568

 -5468

 -5368

 -5268

 -5168

 -5068

 -4968

 -4868

 -4768

 -4668

 -4568

 -4468

 -4368

 -4268

 -4168

 -4068

 -3968

 -3868

 -3768

 -3668

 -3568

 -3468

 -3368

 -3268

 -3168

 -3068

 -2968

 -2868

 -2768

 -2668

 -2568

 -2468

 -2368

 -2268

 -2168

 -2068

 -1968

 -1868

 -1768

 -1668

 -1568

 -1468

 -1368

 -1268

 -1168

 -1068

  -968

  -868

  -768

  -668

  -568

  -468

  -368

  -268

  -168

   -68

    32

   132

   232

   332

   432

   532

   632

   732

   832

   932

  1032

  1132

  1232

  1332

  1432

  1532

  1632

  1732

  1832

  1932

  2032

  2132

  2232

  2332

  2432

  2532

  2632

  2732

  2832

  2932

  3032

  3132

  3232

  3332

  3432

  3532

  3632

  3732

  3832

  3932

  4032

  4132

  4232

  4332

  4432

  4532

  4632

  4732

  4832

  4932

  5032

  5132

  5232

  5332

  5432

  5532

  5632

  5732

  5832

  5932

  6032

  6132

  6232

  6332

  6432

  6532

  6632

  6732

  6832

  6932

  7032

  7132

  7232

  7332

  7432

  7532

  7632

  7732

  7832

  7932

  8032

  8132

  8232

  8332

  8432

  8532

  8632

  8732

  8832

  8932

  9032

  9132

  9232

  9332

  9432

  9532

  9632

  9732

  9832

  9932

 10032

 10132

 10232

 10332

 10432

 10532

 10632

 10732

 10832

 10932

 11032

 11132

 11232

 11332

 11432

 11532

 11632

 11732

 11832

 11932

 12032

 12132

 12232

 12332

 12432

 12532

 12632

 12732

 12832

 12932

 13032

 13132

 13232

 13332

 13432

 13532

 13632

 13732

 13832

 13932

 14032

 14132

 14232

 14332

 14432

 14532

 14632

 14732

 14832

 14932

 15032

 15132

 15232

 15332

 15432

 15532

 15632

 15732

 15832

 15932

 16032

 16132

 16232

 16332

 16432

 16532

 16632

 16732

 16832

 16932

 17032

 17132

 17232

 17332

 17432

 17532

 17632

 17732

 17832

 17932

 18032

 18132

 18232

 18332

 18432

 18532

 18632

 18732

 18832

 18932

 19032

 19132

 19232

 19332

 19432

 19532

 19632

 19732

 19832

 19932

 20032

 20132

 20232

 20332

 20432

 20532

 20632

 20732

 20832

 20932

 21032

 21132

 21232

 21332

 21432

 21532

 21632

 21732

 21832

 21932

 22032

 22132

 22232

 22332

 22432

 22532

 22632

 22732

 22832

 22932

 23032

 23132

 23232

 23332

 23432

 23532

 23632

 23732

 23832

 23932

 24032

 24132

 24232

 24332

 24432

 24532

 24632

 24732

 24832

 24932

 25032

 25132

 25232

 25332

 25432

 25532

 25632

 25732

 25832

 25932

 26032

 26132

 26232

 26332

 26432

 26532

 26632

 26732

 26832

 26932

 27032

 27132

 27232

 27332

 27432

 27532

 27632

 27732

 27832

 27932

 28032

 28132

 28232

 28332

 28432

 28532

 28632

 28732

 28832

 28932

 29032

 29132

 29232

 29332

 29432

 29532

 29632

 29732

 29832

 29932

 30032

 30132

 30232

 30332

 30432

 30532

 30632

 30732

 30832

 30932

 31032

 31132

 31232

 31332

 31432

 31532

 31632

 31732

 31832

 31932

 32032

 32132

 32232

 32332

 32432

 32532

 32632

 32732

-32768

-32668

-32568

-32468

-32368

-32268

-32168

-32068

-31968

-31868

-31768

-31668

-31568

-31468

-31368

-31268

-31168

-31068

-30968

-30868

-30768

-30668

-30568

-30468

-30368

-30268

-30168

-30068

-29968

-29868

-29768

-29668

-29568

-29468

-29368

-29268

-29168

-29068

-28968

-28868

-28768

-28668

-28568

-28468

-28368

-28268

-28168

-28068

-27968

-27868

-27768

-27668

-27568

-27468

-27368

-27268

-27168

-27068

-26968

-26868

-26768

-26668

-26568

-26468

-26368

-26268

-26168

-26068

-25968

-25868

-25768

-25668

-25568

-25468

-25368

-25268

-25168

-25068

-24968

-24868

-24768

-24668

-24568

-24468

-24368

-24268

-24168

-24068

-23968

-23868

-23768

-23668

-23568

-23468

-23368

-23268

-23168

-23068

-22968

-22868

-22768

-22668

-22568

-22468

-22368

-22268

-22168

-22068

-21968

-21868

-21768

-21668

-21568

-21468

-21368

-21268

-21168

-21068

-20968

-20868

-20768

-20668

-20568

-20468

-20368

-20268

-20168

-20068

-19968

-19868

-19768

-19668

-19568

-19468

-19368

-19268

-19168

-19068

-18968

-18868

-18768

-18668

-18568

-18468

-18368

-18268

-18168

-18068

-17968

-17868

-17768

-17668

-17568

-17468

-17368

-17268

-17168

-17068

-16968

-16868

-16768

-16668

-16568

-16468

-16368

-16268

-16168

-16068

-15968

-15868

-15768

-15668

-15568

-15468

-15368

-15268

-15168

-15068

-14968

-14868

-14768

-14668

-14568

-14468

-14368

-14268

-14168

-14068

-13968

-13868

-13768

-13668

-13568

-13468

-13368

-13268

-13168

-13068

-12968

-12868

-12768

-12668

-12568

-12468

-12368

-12268

-12168

-12068

-11968

-11868

-11768

-11668

-11568

-11468

-11368

-11268

-11168

-11068

-10968

-10868

-10768

-10668

-10568

-10468

-10368

-10268

-10168

-10068

 -9968

 -9868

 -9768

 -9668

 -9568

 -9468

 -9368

 -9268

 -9168

 -9068

 -8968

 -8868

 -8768

 -8668

 -8568

 -8468

 -8368

 -8268

 -8168

 -8068

 -7968

 -7868

 -7768

 -7668

 -7568

 -7468

 -7368

 -7268

 -7168

 -7068

 -6968

 -6868

 -6768

 -6668

 -6568

 -6468

 -6368

 -6268

 -6168

 -6068

 -5968

 -5868

 -5768

 -5668

 -5568

 -5468

 -5368

 -5268

 -5168

 -5068

 -4968

 -4868

 -4768

 -4668

 -4568

 -4468

 -4368

 -4268

 -4168

 -4068

 -3968

 -3868

 -3768

 -3668

 -3568

 -3468

 -3368

 -3268

 -3168

 -3068

 -2968

 -2868

 -2768

 -2668

 -2568

 -2468

 -2368

 -2268

 -2168

 -2068

 -1968

 -1868

 -1768

 -1668

 -1568

 -1468

 -1368

 -1268

 -1168

 -1068

  -968

  -868

  -768

  -668

  -568

  -468

  -368

  -268

  -168

   -68

    32

   132

   232

   332

   432

   532

   632

   732

   832

   932

  1032

  1132

  1232

  1332

  1432

  1532

  1632

  1732

  1832

  1932

  2032

  2132

  2232

  2332

  2432

  2532

  2632

  2732

  2832

  2932

  3032

  3132

  3232

  3332

  3432

  3532

  3632

  3732

  3832

  3932

  4032

  4132

  4232

  4332

  4432

  4532

  4632

  4732

  4832

  4932

  5032

  5132

  5232

  5332

  5432

  5532

  5632

  5732

  5832

  5932

  6032

  6132

  6232

  6332

  6432

  6532

  6632

  6732

  6832

  6932

  7032

  7132

  7232

  7332

  7432

  7532

  7632

  7732

  7832

  7932

  8032

  8132

  8232

  8332

  8432

  8532

  8632

  8732

  8832

  8932

  9032

  9132

  9232

  9332

  9432

  9532

  9632

  9732

  9832

  9932

 10032

 10132

 10232

 10332

 10432

 10532

 10632

 10732

 10832

 10932

 11032

 11132

 11232

 11332

 11432

 11532

 11632

 11732

 11832

 11932

 12032

 12132

 12232

 12332

 12432

 12532

 12632

 12732

 12832

 12932

 13032

 13132

 13232

 13332

 13432

 13532

 13632

 13732

 13832

 13932

 14032

 14132

 14232

 14332

 14432

 14532

 14632

 14732

 14832

 14932

 15032

 15132

 15232

 15332

 15432

 15532

 15632

 15732

 15832

 15932

 16032

 16132

 16232

 16332

 16432

 16532

 16632

 16732

 16832

 16932

 17032

 17132

 17232

 17332

 17432

 17532

 17632

 17732

 17832

 17932

 18032

 18132

 18232

 18332

 18432

 18532

 18632

 18732

 18832

 18932

 19032

 19132

 19232

 19332

 19432

 19532

 19632

 19732

 19832

 19932

 20032

 20132

 20232

 20332

 20432

 20532

 20632

 20732

 20832

 20932

 21032

 21132

 21232

 21332

 21432

 21532

 21632

 21732

 21832

 21932

 22032

 22132

 22232

 22332

 22432

 22532

 22632

 22732

 22832

 22932

 23032

 23132

 23232

 23332

 23432

 23532

 23632

 23732

 23832

 23932

 24032

 24132

 24232

 24332

 24432

 24532

 24632

 24732

 24832

 24932

 25032

 25132

 25232

 25332

 25432

 25532

 25632

 25732

 25832

 25932

 26032

 26132

 26232

 26332

 26432

 26532

 26632

 26732

 26832

 26932

 27032

 27132

 27232

 27332

 27432

 27532

 27632

 27732

 27832

 27932

 28032

 28132

 28232

 28332

 28432

 28532

 28632

 28732

 28832

 28932

 29032

 29132

 29232

 29332

 29432

 29532

 29632

 29732

 29832

 29932

 30032

 30132

 30232

 30332

 30432

 30532

 30632

 30732

 30832

 30932

 31032

 31132

 31232

 31332

 31432

 31532

 31632

 31732

 31832

 31932

 32032

 32132

 32232

 32332

 32432

 32532

 32632

 32732

-32768

-32668

-32568

-32468

-32368

-32268

-32168

-32068

-31968

-31868

-31768

-31668

-31568

-31468

-31368

-31268

-31168

-31068

-30968

-30868

-30768

-30668

-30568

-30468

-30368

-30268

-30168

-30068

-29968

-29868

-29768

-29668

-29568

-29468

-29368

-29268

-29168

-29068

-28968

-28868

-28768

-28668

-28568

-28468

-28368

-28268

-28168

-28068

-27968

-27868

-27768

-27668

-27568

-27468

-27368

-27268

-27168

-27068

-26968

-26868

-26768

-26668

-26568

-26468

-26368

-26268

-26168

-26068

-25968

-25868

-25768

-25668

-25568

-25468

-25368

-25268

-25168

-25068

-24968

-24868

-24768

-24668

-24568

-24468

-24368

-24268

-24168

-24068

-23968

-23868

-23768

-23668

-23568

-23468

-23368

-23268

-23168

-23068

-22968

-22868

-22768

-22668

-22568

-22468

-22368

-22268

-22168

-22068

-21968

-21868

-21768

-21668

-21568

-21468

-21368

-21268

-21168

-21068

-20968

-20868

-20768

-20668

-20568

-20468

-20368

-20268

-20168

-20068

-19968

-19868

-19768

-19668

-19568

-19468

-19368

-19268

-19168

-19068

-18968

-18868

-18768

-18668

-18568

-18468

-18368

-18268

-18168

-18068

-17968

-17868

-17768

-17668

-17568

-17468

-17368

-17268

-17168

-17068

-16968

-16868

-16768

-16668

-16568

-16468

-16368

-16268

-16168

-16068

-15968

-15868

-15768

-15668

-15568

-15468

-15368

-15268

-15168

-15068

-14968

-14868

-14768

-14668

-14568

-14468

-14368

-14268

-14168

-14068

-13968

-13868

-13768

-13668

-13568

-13468

-13368

-13268

-13168

-13068

-12968

-12868

-12768

-12668

-12568

-12468

-12368

-12268

-12168

-12068

-11968

-11868

-11768

-11668

-11568

-11468

-11368

-11268

-11168

-11068

-10968

-10868

-10768

-10668

-10568

-10468

-10368

-10268

-10168

-10068

 -9968

 -9868

 -9768

 -9668

 -9568

 -9468

 -9368

 -9268

 -9168

 -9068

 -8968

 -8868

 -8768

 -8668

 -8568

 -8468

 -8368

 -8268

 -8168

 -8068

 -7968

 -7868

 -7768

 -7668

 -7568

 -7468

 -7368

 -7268

 -7168

 -7068

 -6968

 -6868

 -6768

 -6668

 -6568

 -6468

 -6368

 -6268

 -6168

 -6068

 -5968

 -5868

 -5768

 -5668

 -5568

 -5468

 -5368

 -5268

 -5168

 -5068

 -4968

 -4868

 -4768

 -4668

 -4568

 -4468

 -4368

 -4268

 -4168

 -4068

 -3968

 -3868

 -3768

 -3668

 -3568

 -3468

 -3368

 -3268

 -3168

 -3068

 -2968

 -2868

 -2768

 -2668

 -2568

 -2468

 -2368

 -2268

 -2168

 -2068

 -1968

 -1868

 -1768

 -1668

 -1568

 -1468

 -1368

 -1268

 -1168

 -1068

  -968

  -868

  -768

  -668

  -568

  -468

  -368

  -268

  -168

   -68

    32

   132

   232

   332

   432

   532

   632

   732

   832

   932

  1032

  1132

  1232

  1332

  1432

  1532

  1632

  1732

  1832

  1932

  2032

  2132

  2232

  2332

  2432

  2532

  2632

  2732

  2832

  2932

  3032

  3132

  3232

  3332

  3432

  3532

  3632

  3732

  3832

  3932

  4032

  4132

  4232

  4332

  4432

  4532

  4632

  4732

  4832

  4932

  5032

  5132

  5232

  5332

  5432

  5532

  5632

  5732

  5832

  5932

  6032

  6132

  6232

  6332

  6432

  6532

  6632

  6732

  6832

  6932

  7032

  7132

  7232

  7332

  7432

  7532

  7632

  7732

  7832

  7932

  8032

  8132

  8232

  8332

  8432

  8532

  8632

  8732

  8832

  8932

  9032

  9132

  9232

  9332

  9432

  9532

  9632

  9732

  9832

  9932

 10032

 10132

 10232

 10332

 10432

 10532

 10632

 10732

 10832

 10932

 11032

 11132

 11232

 11332

 11432

 11532

 11632

 11732

 11832

 11932

 12032

 12132

 12232

 12332

 12432

 12532

 12632

 12732

 12832

 12932

 13032

 13132

 13232

 13332

 13432

 13532

 13632

 13732

 13832

 13932

 14032

 14132

 14232

 14332

 14432

 14532

 14632

 14732

 14832

 14932

 15032

 15132

 15232

 15332

 15432

 15532

 15632

 15732

 15832

 15932

 16032

 16132

 16232

 16332

 16432

 16532

 16632

 16732

 16832

 16932

 17032

 17132

 17232

 17332

 17432

 17532

 17632

 17732

 17832

 17932

 18032

 18132

 18232

 18332

 18432

 18532

 18632

 18732

 18832

 18932

 19032

 19132

 19232

 19332

 19432

 19532

 19632

 19732

 19832

 19932

 20032

 20132

 20232

 20332

 20432

 20532

 20632

 20732

 20832

 20932

 21032

 21132

 21232

 21332

 21432

 21532

 21632

 21732

 21832

 21932

 22032

 22132

 22232

 22332

 22432

 22532

 22632

 22732

 22832

 22932

 23032

 23132

 23232

 23332

 23432

 23532

 23632

 23732

 23832

 23932

 24032

 24132

 24232

 24332

 24432

 24532

 24632

 24732

 24832

 24932

 25032

 25132

 25232

 25332

 25432

 25532

 25632

 25732

 25832

 25932

 26032

 26132

 26232

 26332

 26432

 26532

 26632

 26732

 26832

 26932

 27032

 27132

 27232

 27332

 27432

 27532

 27632

 27732

 27832

 27932

 28032

 28132

 28232

 28332

 28432

 28532

 28632

 28732

 28832

 28932

 29032

 29132

 29232

 29332

 29432

 29532

 29632

 29732

 29832

 29932

 30032

 30132

 30232

 30332

 30432

 30532

 30632

 30732

 30832

 30932

 31032

 31132

 31232

 31332

 31432

 31532

 31632

 31732

 31832

 31932

 32032

 32132

 32232

 32332

 32432

 32532

 32632

 32732

-32768

-32668

-32568

-32468

-32368

-32268

-32168

-32068

-31968

-31868

-31768

-31668

-31568

-31468

-31368

-31268

-31168

-31068

-30968

-30868

-30768

-30668

-30568

-30468

-30368

-30268

-30168

-30068

-29968

-29868

-29768

-29668

-29568

-29468

-29368

-29268

-29168

-29068

-28968

-28868

-28768

-28668

-28568

-28468

-28368

-28268

-28168

-28068

-27968

-27868

-27768

-27668

-27568

-27468

-27368

-27268

-27168

-27068

-26968

-26868

-26768

-26668

-26568

-26468

-26368

-26268

-26168

-26068

-25968

-25868

-25768

-25668

-25568

-25468

-25368

-25268

-25168

-25068

-24968

-24868

-24768

-24668

-24568

-24468

-24368

-24268

-24168

-24068

-23968

-23868

-23768

-23668

-23568

-23468

-23368

-23268

-23168

-23068

-22968

-22868

-22768

-22668

-22568

-22468

-22368

-22268

-22168

-22068

-21968

-21868

-21768

-21668

-21568

-21468

-21368

-21268

-21168

-21068

-20968

-20868

-20768

-20668

-20568

-20468

-20368

-20268

-20168

-20068

-19968

-19868

-19768

-19668

-19568

-19468

-19368

-19268

-19168

-19068

-18968

-18868

-18768

-18668

-18568

-18468

-18368

-18268

-18168

-18068

-17968

-17868

-17768

-17668

-17568

-17468

-17368

-17268

-17168

-17068

-16968

-16868

-16768

-16668

-16568

-16468

-16368

-16268

-16168

-16068

-15968

-15868

-15768

-15668

-15568

-15468

-15368

-15268

-15168

-15068

-14968

-14868

-14768

-14668

-14568

-14468

-14368

-14268

-14168

-14068

-13968

-13868

-13768

-13668

-13568

-13468

-13368

-13268

-13168

-13068

-12968

-12868

-12768

-12668

-12568

-12468

-12368

-12268

-12168

-12068

-11968

-11868

-11768

-11668

-11568

-11468

-11368

-11268

-11168

-11068

-10968

-10868

-10768

-10668

-10568

-10468

-10368

-10268

-10168

-10068

 -9968

 -9868

 -9768

 -9668

 -9568

 -9468

 -9368

 -9268

 -9168

 -9068

 -8968

 -8868

 -8768

 -8668

 -8568

 -8468

 -8368

 -8268

 -8168

 -8068

 -7968

 -7868

 -7768

 -7668

 -7568

 -7468

 -7368

 -7268

 -7168

 -7068

 -6968

 -6868

 -6768

 -6668

 -6568

 -6468

 -6368

 -6268

 -6168

 -6068

 -5968

 -5868

 -5768

 -5668

 -5568

 -5468

 -5368

 -5268

 -5168

 -5068

 -4968

 -4868

 -4768

 -4668

 -4568

 -4468

 -4368

 -4268

 -4168

 -4068

 -3968

 -3868

 -3768

 -3668

 -3568

 -3468

 -3368

 -3268

 -3168

 -3068

 -2968

 -2868

 -2768

 -2668

 -2568

 -2468

 -2368

 -2268

 -2168

 -2068

 -1968

 -1868

 -1768

 -1668

 -1568

 -1468

 -1368

 -1268

 -1168

 -1068

  -968

  -868

  -768

  -668

  -568

  -468

  -368

  -268

  -168

   -68

    32

   132

   232

   332

   432

   532

   632

   732

   832

   932

  1032

  1132

  1232

  1332

  1432

  1532

  1632

  1732

  1832

  1932

  2032

  2132

  2232

  2332

  2432

  2532

  2632

  2732

  2832

  2932

  3032

  3132

  3232

  3332

  3432

  3532

  3632

  3732

  3832

  3932

  4032

  4132

  4232

  4332

  4432

  4532

  4632

  4732

  4832

  4932

  5032

  5132

  5232

  5332

  5432

  5532

  5632

  5732

  5832

  5932

  6032

  6132

  6232

  6332

  6432

  6532

  6632

  6732

  6832

  6932

  7032

  7132

  7232

  7332

  7432

  7532

  7632

  7732

  7832

  7932

  8032

  8132

  8232

  8332

  8432

  8532

  8632

  8732

  8832

  8932

  9032

  9132

  9232

  9332

  9432

  9532

  9632

  9732

  9832

  9932

 10032

 10132

 10232

 10332

 10432

 10532

 10632

 10732

 10832

 10932

 11032

 11132

 11232

 11332

 11432

 11532

 11632

 11732

 11832

 11932

 12032

 12132

 12232

 12332

 12432

 12532

 12632

 12732

 12832

 12932

 13032

 13132

 13232

 13332

 13432

 13532

 13632

 13732

 13832

 13932

 14032

 14132

 14232

 14332

 14432

 14532

 14632

 14732

 14832

 14932

 15032

 15132

 15232

 15332

 15432

 15532

 15632

 15732

 15832

 15932

 16032

 16132

 16232

 16332

 16432

 16532

 16632

 16732

 16832

 16932

 17032

 17132

 17232

 17332

 17432

 17532

 17632

 17732

 17832

 17932

 18032

 18132

 18232

 18332

 18432

 18532

 18632

 18732

 18832

 18932

 19032

 19132

 19232

 19332

 19432

 19532

 19632

 19732

 19832

 19932

 20032

 20132

 20232

 20332

 20432

 20532

 20632

 20732

 20832

 20932

 21032

 21132

 21232

 21332

 21432

 21532

 21632

 21732

 21832

 21932

 22032

 22132

 22232

 22332

 22432

 22532

 22632

 22732

 22832

 22932

 23032

 23132

 23232

 23332

 23432

 23532

 23632

 23732

 23832

 23932

 24032

 24132

 24232

 24332

 24432

 24532

 24632

 24732

 24832

 24932

 25032

 25132

 25232

 25332

 25432

 25532

 25632

 25732

 25832

 25932

 26032

 26132

 26232

 26332

 26432

 26532

 26632

 26732

 26832

 26932

 27032

 27132

 27232

 27332

 27432

 27532

 27632

 27732

 27832

 27932

 28032

 28132

 28232

 28332

 28432

 28532

 28632

 28732

 28832

 28932

 29032

 29132

 29232

 29332

 29432

 29532

 29632

 29732

 29832

 29932

 30032

 30132

 30232

 30332

 30432

 30532

 30632

 30732

 30832

 30932

 31032

 31132

 31232

 31332

 31432

 31532

 31632

 31732

 31832

 31932

 32032

 32132

 32232

 32332

 32432

 32532

 32632

 32732

-32768

-32668

-32568

-32468

-32368

-32268

-32168

-32068

-31968

-31868

-31768

-31668

-31568

-31468

-31368

-31268

-31168

-31068

-30968

-30868

-30768

-30668

-30568

-30468

-30368

-30268

-30168

-30068

-29968

-29868

-29768

-29668

-29568

-29468

-29368

-29268

-29168

-29068

-28968

-28868

-28768

-28668

-28568

-28468

-28368

-28268

-28168

-28068

-27968

-27868

-27768

-27668

-27568

-27468

-27368

-27268

-27168

-27068

-26968

-26868

-26768

-26668

-26568

-26468

-26368

-26268

-26168

-26068

-25968

-25868

-25768

-25668

-25568

-25468

-25368

-25268

-25168

-25068

-24968

-24868

-24768

-24668

-24568

-24468

-24368

-24268

-24168

-24068

-23968

-23868

-23768

-23668

-23568

-23468

-23368

-23268

-23168

-23068

-22968

-22868

-22768

-22668

-22568

-22468

-22368

-22268

-22168

-22068

-21968

-21868

-21768

-21668

-21568

-21468

-21368

-21268

-21168

-21068

-20968

-20868

-20768

-20668

-20568

-20468

-20368

-20268

-20168

-20068

-19968

-19868

-19768

-19668

-19568

-19468

-19368

-19268

-19168

-19068

-18968

-18868

-18768

-18668

-18568

-18468

-18368

-18268

-18168

-18068

-17968

-17868

-17768

-17668

-17568

-17468

-17368

-17268

-17168

-17068

-16968

-16868

-16768

-16668

-16568

-16468

-16368

-16268

-16168

-16068

-15968

-15868

-15768

-15668

-15568

-15468

-15368

-15268

-15168

-15068

-14968

-14868

-14768

-14668

-14568

-14468

-14368

-14268

-14168

-14068

-13968

-13868

-13768

-13668

-13568

-13468

-13368

-13268

-13168

-13068

-12968

-12868

-12768

-12668

-12568

-12468

-12368

-12268

-12168

-12068

-11968

-11868

-11768

-11668

-11568

-11468

-11368

-11268

-11168

-11068

-10968

-10868

-10768

-10668

-10568

-10468

-10368

-10268

-10168

-10068

 -9968

 -9868

 -9768

 -9668

 -9568

 -9468

 -9368

 -9268

 -9168

 -9068

 -8968

 -8868

 -8768

 -8668

 -8568

 -8468

 -8368

 -8268

 -8168

 -8068

 -7968

 -7868

 -7768

 -7668

 -7568

 -7468

 -7368

 -7268

 -7168

 -7068

 -6968

 -6868

 -6768

 -6668

 -6568

 -6468

 -6368

 -6268

 -6168

 -6068

 -5968

 -5868

 -5768

 -5668

 -5568

 -5468

 -5368

 -5268

 -5168

 -5068

 -4968

 -4868

 -4768

 -4668

 -4568

 -4468

 -4368

 -4268

 -4168

 -4068

 -3968

 -3868

 -3768

 -3668

 -3568

 -3468

 -3368

 -3268

 -3168

 -3068

 -2968

 -2868

 -2768

 -2668

 -2568

 -2468

 -2368

 -2268

 -2168

 -2068

 -1968

 -1868

 -1768

 -1668

 -1568

 -1468

 -1368

 -1268

 -1168

 -1068

  -968

  -868

  -768

  -668

  -568

  -468

  -368

  -268

  -168

   -68

    32

   132

   232

   332

   432

   532

   632

   732

   832

   932

  1032

  1132

  1232

  1332

  1432

  1532

  1632

  1732

  1832

  1932

  2032

  2132

  2232

  2332

  2432

  2532

  2632

  2732

  2832

  2932

  3032

  3132

  3232

  3332

  3432

  3532

  3632

  3732

  3832

  3932

  4032

  4132

  4232

  4332

  4432

  4532

  4632

  4732

  4832

  4932

  5032

  5132

  5232

  5332

  5432

  5532

  5632

  5732

  5832

  5932

  6032

  6132

  6232

  6332

  6432

  6532

  6632

  6732

  6832

  6932

  7032

  7132

  7232

  7332

  7432

  7532

  7632

  7732

  7832

  7932

  8032

  8132

  8232

  8332

  8432

  8532

  8632

  8732

  8832

  8932

  9032

  9132

  9232

  9332

  9432

  9532

  9632

  9732

  9832

  9932

 10032

 10132

 10232

 10332

 10432

 10532

 10632

 10732

 10832

 10932

 11032

 11132

 11232

 11332

 11432

 11532

 11632

 11732

 11832

 11932

 12032

 12132

 12232

 12332

 12432

 12532

 12632

 12732

 12832

 12932

 13032

 13132

 13232

 13332

 13432

 13532

 13632

 13732

 13832

 13932

 14032

 14132

 14232

 14332

 14432

 14532

 14632

 14732

 14832

 14932

 15032

 15132

 15232

 15332

 15432

 15532

 15632

 15732

 15832

 15932

 16032

 16132

 16232

 16332

 16432

 16532

 16632

 16732

 16832

 16932

 17032

 17132

 17232

 17332

 17432

 17532

 17632

 17732

 17832

 17932

 18032

 18132

 18232

 18332

 18432

 18532

 18632

 18732

 18832

 18932

 19032

 19132

 19232

 19332

 19432

 19532

 19632

 19732

 19832

 19932

 20032

 20132

 20232

 20332

 20432

 20532

 20632

 20732

 20832

 20932

 21032

 21132

 21232

 21332

 21432

 21532

 21632

 21732

 21832

 21932

 22032

 22132

 22232

 22332

 22432

 22532

 22632

 22732

 22832

 22932

 23032

 23132

 23232

 23332

 23432

 23532

 23632

 23732

 23832

 23932

 24032

 24132

 24232

 24332

 24432

 24532

 24632

 24732

 24832

 24932

 25032

 25132

 25232

 25332

 25432

 25532

 25632

 25732

 25832

 25932

 26032

 26132

 26232

 26332

 26432

 26532

 26632

 26732

 26832

 26932

 27032

 27132

 27232

 27332

 27432

 27532

 27632

 27732

 27832

 27932

 28032

 28132

 28232

 28332

 28432

 28532

 28632

 28732

 28832

 28932

 29032

 29132

 29232

 29332

 29432

 29532

 29632

 29732

 29832

 29932

 30032

 30132

 30232

 30332

 30432

 30532

 30632

 30732

 30832

 30932

 31032

 31132

 31232

 31332

 31432

 31532

 31632

 31732

 31832

 31932

 32032

 32132

 32232

 32332

 32432

 32532

 32632

 32732

-32768

-32668

-32568

-32468

-32368

-32268

-32168

-32068

-31968

-31868

-31768

-31668

-31568

-31468

-31368

-31268

-31168

-31068

-30968

-30868

-30768

-30668

-30568

-30468

-30368

-30268

-30168

-30068

-29968

-29868

-29768

-29668

-29568

-29468

-29368

-29268

-29168

-29068

-28968

-28868

-28768

-28668

-28568

-28468

-28368

-28268

-28168

-28068

-27968

-27868

-27768

-27668

-27568

-27468

-27368

-27268

-27168

-27068

-26968

-26868

-26768

-26668

-26568

-26468

-26368

-26268

-26168

-26068

-25968

-25868

-25768

-25668

-25568

-25468

-25368

-25268

-25168

-25068

-24968

-24868

-24768

-24668

-24568

-24468

-24368

-24268

-24168

-24068

-23968

-23868

-23768

-23668

-23568

-23468

-23368

-23268

-23168

-23068

-22968

-22868

-22768

-22668

-22568

-22468

-22368

-22268

-22168

-22068

-21968

-21868

-21768

-21668

-21568

-21468

-21368

-21268

-21168

-21068

-20968

-20868

-20768

-20668

-20568

-20468

-20368

-20268

-20168

-20068

-19968

-19868

-19768

-19668

-19568

-19468

-19368

-19268

-19168

-19068

-18968

-18868

-18768

-18668

-18568

-18468

-18368

-18268

-18168

-18068

-17968

-17868

-17768

-17668

-17568

-17468

-17368

-17268

-17168

-17068

-16968

-16868

-16768

-16668

-16568

-16468

-16368

-16268

-16168

-16068

-15968

-15868

-15768

-15668

-15568

-15468

-15368

-15268

-15168

-15068

-14968

-14868

-14768

-14668

-14568

-14468

-14368

-14268

-14168

-14068

-13968

-13868

-13768

-13668

-13568

-13468

-13368

-13268

-13168

-13068

-12968

-12868

-12768

-12668

-12568

-12468

-12368

-12268

-12168

-12068

-11968

-11868

-11768

-11668

-11568

-11468

-11368

-11268

-11168

-11068

-10968

-10868

-10768

-10668

-10568

-10468

-10368

-10268

-10168

-10068

 -9968

 -9868

 -9768

 -9668

 -9568

 -9468

 -9368

 -9268

 -9168

 -9068

 -8968

 -8868

 -8768

 -8668

 -8568

 -8468

 -8368

 -8268

 -8168

 -8068

 -7968

 -7868

 -7768

 -7668

 -7568

 -7468

 -7368

 -7268

 -7168

 -7068

 -6968

 -6868

 -6768

 -6668

 -6568

 -6468

 -6368

 -6268

 -6168

 -6068

 -5968

 -5868

 -5768

 -5668

 -5568

 -5468

 -5368

 -5268

 -5168

 -5068

 -4968

 -4868

 -4768

 -4668

 -4568

 -4468

 -4368

 -4268

 -4168

 -4068

 -3968

 -3868

 -3768

 -3668

 -3568

 -3468

 -3368

 -3268

 -3168

 -3068

 -2968

 -2868

 -2768

 -2668

 -2568

 -2468

 -2368

 -2268

 -2168

 -2068

 -1968

 -1868

 -1768

 -1668

 -1568

 -1468

 -1368

 -1268

 -1168

 -1068

  -968

  -868

  -768

  -668

  -568

  -468

  -368

  -268

  -168

   -68

    32

   132

   232

   332

   432

   532

   632

   732

   832

   932

  1032

  1132

  1232

  1332

  1432

  1532

  1632

  1732

  1832

  1932

  2032

  2132

  2232

  2332

  2432

  2532

  2632

  2732

  2832

  2932

  3032

  3132

  3232

  3332

  3432

  3532

  3632

  3732

  3832

  3932

  4032

  4132

  4232

  4332

  4432

  4532

  4632

  4732

  4832

  4932

  5032

  5132

  5232

  5332

  5432

  5532

  5632

  5732

  5832

  5932

  6032

  6132

  6232

  6332

  6432

  6532

  6632

  6732

  6832

  6932

  7032

  7132

  7232

  7332

  7432

  7532

  7632

  7732

  7832

  7932

  8032

  8132

  8232

  8332

  8432

  8532

  8632

  8732

  8832

  8932

  9032

  9132

  9232

  9332

  9432

  9532

  9632

  9732

  9832

  9932

 10032

 10132

 10232

 10332

 10432

 10532

 10632

 10732

 10832

 10932

 11032

 11132

 11232

 11332

 11432

 11532

 11632

 11732

 11832

 11932

 12032

 12132

 12232

 12332

 12432

 12532

 12632

 12732

 12832

 12932

 13032

 13132

 13232

 13332

 13432

 13532

 13632

 13732

 13832

 13932

 14032

 14132

 14232

 14332

 14432

 14532

 14632

 14732

 14832

 14932

 15032

 15132

 15232

 15332

 15432

 15532

 15632

 15732

 15832

 15932

 16032

 16132

 16232

 16332

 16432

 16532

 16632

 16732

 16832

 16932

 17032

 17132

 17232

 17332

 17432

 17532

 17632

 17732

 17832

 17932

 18032

 18132

 18232

 18332

 18432

 18532

 18632

 18732

 18832

 18932

 19032

 19132

 19232

 19332

 19432

 19532

 19632

 19732

 19832

 19932

 20032

 20132

 20232

 20332

 20432

 20532

 20632

 20732

 20832

 20932

 21032

 21132

 21232

 21332

 21432

 21532

 21632

 21732

 21832

 21932

 22032

 22132

 22232

 22332

 22432

 22532

 22632

 22732

 22832

 22932

 23032

 23132

 23232

 23332

 23432

 23532

 23632

 23732

 23832

 23932

 24032

 24132

 24232

 24332

 24432

 24532

 24632

 24732

 24832

 24932

 25032

 25132

 25232

 25332

 25432

 25532

 25632

 25732

 25832

 25932

 26032

 26132

 26232

 26332

 26432

 26532

 26632

 26732

 26832

 26932

 27032

 27132

 27232

 27332

 27432

 27532

 27632

 27732

 27832

 27932

 28032

 28132

 28232

 28332

 28432

 28532

 28632

 28732

 28832

 28932

 29032

 29132

 29232

 29332

 29432

 29532

 29632

 29732

 29832

 29932

 30032

 30132

 30232

 30332

 30432

 30532

 30632

 30732

 30832

 30932

 31032

 31132

 31232

 31332

 31432

 31532

 31632

 31732

 31832

 31932

 32032

 32132

 32232

 32332

 32432

 32532

 32632

 32732

-32768

-32668

-32568

-32468

-32368

-32268

-32168

-32068

-31968

-31868

-31768

-31668

-31568

-31468

-31368

-31268

-31168

-31068

-30968

-30868

-30768

-30668

-30568

-30468

-30368

-30268

-30168

-30068

-29968

-29868

-29768

-29668

-29568

-29468

-29368

-29268

-29168

-29068

-28968

-28868

-28768

-28668

-28568

-28468

-28368

-28268

-28168

-28068

-27968

-27868

-27768

-27668

-27568

-27468

-27368

-27268

-27168

-27068

-26968

-26868

-26768

-26668

-26568

-26468

-26368

-26268

-26168

-26068

-25968

-25868

-25768

-25668

-25568

-25468

-25368

-25268

-25168

-25068

-24968

-24868

-24768

-24668

-24568

-24468

-24368

-24268

-24168

-24068

-23968

-23868

-23768

-23668

-23568

-23468

-23368

-23268

-23168

-23068

-22968

-22868

-22768

-22668

-22568

-22468

-22368

-22268

-22168

-22068

-21968

-21868

-21768

-21668

-21568

-21468

-21368

-21268

-21168

-21068

-20968

-20868

-20768

-20668

-20568

-20468

-20368

-20268

-20168

-20068

-19968

-19868

-19768

-19668

-19568

-19468

-19368

-19268

-19168

-19068

-18968

-18868

-18768

-18668

-18568

-18468

-18368

-18268

-18168

-18068

-17968

-17868

-17768

-17668

-17568

-17468

-17368

-17268

-17168

-17068

-16968

-16868

-16768

-16668

-16568

-16468

-16368

-16268

-16168

-16068

-15968

-15868

-15768

-15668

-15568

-15468

-15368

-15268

-15168

-15068

-14968

-14868

-14768

-14668

-14568

-14468

-14368

-14268

-14168

-14068

-13968

-13868

-13768

-13668

-13568

-13468

-13368

-13268

-13168

-13068

-12968

-12868

-12768

-12668

-12568

-12468

-12368

-12268

-12168

-12068

-11968

-11868

-11768

-11668

-11568

-11468

-11368

-11268

-11168

-11068

-10968

-10868

-10768

-10668

-10568

-10468

-10368

-10268

-10168

-10068

 -9968

 -9868

 -9768

 -9668

 -9568

 -9468

 -9368

 -9268

 -9168

 -9068

 -8968

 -8868

 -8768

 -8668

 -8568

 -8468

 -8368

 -8268

 -8168

 -8068

 -7968

 -7868

 -7768

 -7668

 -7568

 -7468

 -7368

 -7268

 -7168

 -7068

 -6968

 -6868

 -6768

 -6668

 -6568

 -6468

 -6368

 -6268

 -6168

 -6068

 -5968

 -5868

 -5768

 -5668

 -5568

 -5468

 -5368

 -5268

 -5168

 -5068

 -4968

 -4868

 -4768

 -4668

 -4568

 -4468

 -4368

 -4268

 -4168

 -4068

 -3968

 -3868

 -3768

 -3668

 -3568

 -3468

 -3368

 -3268

 -3168

 -3068

 -2968

 -2868

 -2768

 -2668

 -2568

 -2468

 -2368

 -2268

 -2168

 -2068

 -1968

 -1868

 -1768

 -1668

 -1568

 -1468

 -1368

 -1268

 -1168

 -1068

  -968

  -868

  -768

  -668

  -568

  -468

  -368

  -268

  -168

   -68

    32

   132

   232

   332

   432

   532

   632

   732

   832

   932

  1032

  1132

  1232

  1332

  1432

  1532

  1632

  1732

  1832

  1932

  2032

  2132

  2232

  2332

  2432

  2532

  2632

  2732

  2832

  2932

  3032

  3132

  3232

  3332

  3432

  3532

  3632

  3732

  3832

  3932

  4032

  4132

  4232

  4332

  4432

  4532

  4632

  4732

  4832

  4932

  5032

  5132

  5232

  5332

  5432

  5532

  5632

  5732

  5832

  5932

  6032

  6132

  6232

  6332

  6432

  6532

  6632

  6732

  6832

  6932

  7032

  7132

  7232

  7332

  7432

  7532

  7632

  7732

  7832

  7932

  8032

  8132

  8232

  8332

  8432

  8532

  8632

  8732

  8832

  8932

  9032

  9132

  9232

  9332

  9432

  9532

  9632

  9732

  9832

  9932

 10032

 10132

 10232

 10332

 10432

 10532

 10632

 10732

 10832

 10932

 11032

 11132

 11232

 11332

 11432

 11532

 11632

 11732

 11832

 11932

 12032

 12132

 12232

 12332

 12432

 12532

 12632

 12732

 12832

 12932

 13032

 13132

 13232

 13332

 13432

 13532

 13632

 13732

 13832

 13932

 14032

 14132

 14232

 14332

 14432

 14532

 14632

 14732

 14832

 14932

 15032

 15132

 15232

 15332

 15432

 15532

 15632

 15732

 15832

 15932

 16032

 16132

 16232

 16332

 16432

 16532

 16632

 16732

 16832

 16932

 17032

 17132

 17232

 17332

 17432

 17532

 17632

 17732

 17832

 17932

 18032

 18132

 18232

 18332

 18432

 18532

 18632

 18732

 18832

 18932

 19032

 19132

 19232

 19332

 19432

 19532

 19632

 19732

 19832

 19932

 20032

 20132

 20232

 20332

 20432

 20532

 20632

 20732

 20832

 20932

 21032

 21132

 21232

 21332

 21432

 21532

 21632

 21732

 21832

 21932

 22032

 22132

 22232

 22332

 22432

 22532

 22632

 22732

 22832

 22932

 23032

 23132

 23232

 23332

 23432

 23532

 23632

 23732

 23832

 23932

 24032

 24132

 24232

 24332

 24432

 24532

 24632

 24732

 24832

 24932

 25032

 25132

 25232

 25332

 25432

 25532

 25632

 25732

 25832

 25932

 26032

 26132

 26232

 26332

 26432

 26532

 26632

 26732

 26832

 26932

 27032

 27132

 27232

 27332

 27432

 27532

 27632

 27732

 27832

 27932

 28032

 28132

 28232

 28332

 28432

 28532

 28632

 28732

 28832

 28932

 29032

 29132

 29232

 29332

 29432

 29532

 29632

 29732

 29832

 29932

 30032

 30132

 30232

 30332

 30432

 30532

 30632

 30732

 30832

 30932

 31032

 31132

 31232

 31332

 31432

 31532

 31632

 31732

 31832

 31932

 32032

 32132

 32232

 32332

 32432

 32532

 32632

 32732

-32768

