1000
1122
1123
1124
1125
1126
1127
1128
1129
1130
1131
1132
1133
1134
1135
1136
1137
1138
1139
1140
1141
1142
1143
1144
1145
1146
1147
1148
1149
1249
1250
1251
1254
1255
1260
1261
1262
1263
1264
1265
1266
1267
1270
1271
1272
1275
1294
1294
1448
1450
1452
1453
1454
1455
1456
1457
1457
1458
1459
1460
1461
1462
1465
1466
1467
1468
1469
1470
1471
1472
1636
1637
1638
1686
1689
1713
1714
1773
1790
1802
1828
1894
1923
2118
2119
2374
2375
2482
2483
2484
2485
2624
2653
2673
2674
2675
2714
2923
2926
2927
2961
2962
2963
2977
2978
2979
2980
2981
2982
2983
2984
2985
2986
2987
2988
2989
