       319310	       318417	    6rename	       448405

       319311	       318418	    6rename	       448406

       319312	       318411	    6rename	       448407

       319320	       318408	    6rename	       448420

       319355	       318421	    6rename	       448475

       319356	       318420	    6rename	       448476

       319430	       319330	    6rename	       449590

       319431	       319329	    6rename	       449591

       319432	       319333	    6rename	       449592

       319433	       319335	    6rename	       449593

       319434	       319346	    6rename	       449594

       319435	       319345	    6rename	       449595

       319436	       319351	    6rename	       449596

       319437	       319350	    6rename	       449597

       319660	       302898	    6rename	       452561

       320180	       320179	    6rename	       514089

       320214	       320172	    6rename	       515832

       320215	       320171	    6rename	       515833

       320667	       320622	    6rename	       518589

       320668	       320623	    6rename	       518591

       320669	       320624	    6rename	       518592

       320670	       320625	    6rename	       518593

       320671	       320626	    6rename	       518594

       322780	       320187	    6rename	       523751

       324625	       324624	    6rename	       545918

       324859	       318070	    6rename	       550839

       324860	       305184	    6rename	       550849

       324861	       305129	    6rename	       551377

       324864	       305453	    6rename	       551380

       324865	       324860	    6rename	       551381

       324866	       324861	    6rename	       551382

       324867	       305132	    6rename	       551387

       324868	       305610	    6rename	       551399

       324869	       323513	    6rename	       551400

       324874	       323514	    6rename	       551405

       324875	       310595	    6rename	       551406

